Sphere
0 1 0
0 0.951057 0.309017
0.181636 0.951057 0.25
0 1 0
0.181636 0.951057 0.25
0 1 0
0 1 0
0.181636 0.951057 0.25
0.293893 0.951057 0.0954915
0 1 0
0.293893 0.951057 0.0954915
0 1 0
0 1 0
0.293893 0.951057 0.0954915
0.293893 0.951057 -0.0954915
0 1 0
0.293893 0.951057 -0.0954915
0 1 -0
0 1 -0
0.293893 0.951057 -0.0954915
0.181636 0.951057 -0.25
0 1 -0
0.181636 0.951057 -0.25
0 1 -0
0 1 -0
0.181636 0.951057 -0.25
3.78424e-17 0.951057 -0.309017
0 1 -0
3.78424e-17 0.951057 -0.309017
0 1 -0
0 1 -0
3.78424e-17 0.951057 -0.309017
-0.181636 0.951057 -0.25
0 1 -0
-0.181636 0.951057 -0.25
-0 1 -0
-0 1 -0
-0.181636 0.951057 -0.25
-0.293893 0.951057 -0.0954915
-0 1 -0
-0.293893 0.951057 -0.0954915
-0 1 -0
-0 1 -0
-0.293893 0.951057 -0.0954915
-0.293893 0.951057 0.0954915
-0 1 -0
-0.293893 0.951057 0.0954915
-0 1 0
-0 1 0
-0.293893 0.951057 0.0954915
-0.181636 0.951057 0.25
-0 1 0
-0.181636 0.951057 0.25
-0 1 0
-0 1 0
-0.181636 0.951057 0.25
-7.56848e-17 0.951057 0.309017
-0 1 0
-7.56848e-17 0.951057 0.309017
-0 1 0
0 0.951057 0.309017
0 0.809017 0.587785
0.345492 0.809017 0.475528
0 0.951057 0.309017
0.345492 0.809017 0.475528
0.181636 0.951057 0.25
0.181636 0.951057 0.25
0.345492 0.809017 0.475528
0.559017 0.809017 0.181636
0.181636 0.951057 0.25
0.559017 0.809017 0.181636
0.293893 0.951057 0.0954915
0.293893 0.951057 0.0954915
0.559017 0.809017 0.181636
0.559017 0.809017 -0.181636
0.293893 0.951057 0.0954915
0.559017 0.809017 -0.181636
0.293893 0.951057 -0.0954915
0.293893 0.951057 -0.0954915
0.559017 0.809017 -0.181636
0.345492 0.809017 -0.475528
0.293893 0.951057 -0.0954915
0.345492 0.809017 -0.475528
0.181636 0.951057 -0.25
0.181636 0.951057 -0.25
0.345492 0.809017 -0.475528
7.19806e-17 0.809017 -0.587785
0.181636 0.951057 -0.25
7.19806e-17 0.809017 -0.587785
3.78424e-17 0.951057 -0.309017
3.78424e-17 0.951057 -0.309017
7.19806e-17 0.809017 -0.587785
-0.345492 0.809017 -0.475528
3.78424e-17 0.951057 -0.309017
-0.345492 0.809017 -0.475528
-0.181636 0.951057 -0.25
-0.181636 0.951057 -0.25
-0.345492 0.809017 -0.475528
-0.559017 0.809017 -0.181636
-0.181636 0.951057 -0.25
-0.559017 0.809017 -0.181636
-0.293893 0.951057 -0.0954915
-0.293893 0.951057 -0.0954915
-0.559017 0.809017 -0.181636
-0.559017 0.809017 0.181636
-0.293893 0.951057 -0.0954915
-0.559017 0.809017 0.181636
-0.293893 0.951057 0.0954915
-0.293893 0.951057 0.0954915
-0.559017 0.809017 0.181636
-0.345492 0.809017 0.475528
-0.293893 0.951057 0.0954915
-0.345492 0.809017 0.475528
-0.181636 0.951057 0.25
-0.181636 0.951057 0.25
-0.345492 0.809017 0.475528
-1.43961e-16 0.809017 0.587785
-0.181636 0.951057 0.25
-1.43961e-16 0.809017 0.587785
-7.56848e-17 0.951057 0.309017
0 0.809017 0.587785
0 0.587785 0.809017
0.475528 0.587785 0.654508
0 0.809017 0.587785
0.475528 0.587785 0.654508
0.345492 0.809017 0.475528
0.345492 0.809017 0.475528
0.475528 0.587785 0.654508
0.769421 0.587785 0.25
0.345492 0.809017 0.475528
0.769421 0.587785 0.25
0.559017 0.809017 0.181636
0.559017 0.809017 0.181636
0.769421 0.587785 0.25
0.769421 0.587785 -0.25
0.559017 0.809017 0.181636
0.769421 0.587785 -0.25
0.559017 0.809017 -0.181636
0.559017 0.809017 -0.181636
0.769421 0.587785 -0.25
0.475528 0.587785 -0.654508
0.559017 0.809017 -0.181636
0.475528 0.587785 -0.654508
0.345492 0.809017 -0.475528
0.345492 0.809017 -0.475528
0.475528 0.587785 -0.654508
9.90727e-17 0.587785 -0.809017
0.345492 0.809017 -0.475528
9.90727e-17 0.587785 -0.809017
7.19806e-17 0.809017 -0.587785
7.19806e-17 0.809017 -0.587785
9.90727e-17 0.587785 -0.809017
-0.475528 0.587785 -0.654508
7.19806e-17 0.809017 -0.587785
-0.475528 0.587785 -0.654508
-0.345492 0.809017 -0.475528
-0.345492 0.809017 -0.475528
-0.475528 0.587785 -0.654508
-0.769421 0.587785 -0.25
-0.345492 0.809017 -0.475528
-0.769421 0.587785 -0.25
-0.559017 0.809017 -0.181636
-0.559017 0.809017 -0.181636
-0.769421 0.587785 -0.25
-0.769421 0.587785 0.25
-0.559017 0.809017 -0.181636
-0.769421 0.587785 0.25
-0.559017 0.809017 0.181636
-0.559017 0.809017 0.181636
-0.769421 0.587785 0.25
-0.475528 0.587785 0.654508
-0.559017 0.809017 0.181636
-0.475528 0.587785 0.654508
-0.345492 0.809017 0.475528
-0.345492 0.809017 0.475528
-0.475528 0.587785 0.654508
-1.98145e-16 0.587785 0.809017
-0.345492 0.809017 0.475528
-1.98145e-16 0.587785 0.809017
-1.43961e-16 0.809017 0.587785
0 0.587785 0.809017
0 0.309017 0.951057
0.559017 0.309017 0.769421
0 0.587785 0.809017
0.559017 0.309017 0.769421
0.475528 0.587785 0.654508
0.475528 0.587785 0.654508
0.559017 0.309017 0.769421
0.904508 0.309017 0.293893
0.475528 0.587785 0.654508
0.904508 0.309017 0.293893
0.769421 0.587785 0.25
0.769421 0.587785 0.25
0.904508 0.309017 0.293893
0.904508 0.309017 -0.293893
0.769421 0.587785 0.25
0.904508 0.309017 -0.293893
0.769421 0.587785 -0.25
0.769421 0.587785 -0.25
0.904508 0.309017 -0.293893
0.559017 0.309017 -0.769421
0.769421 0.587785 -0.25
0.559017 0.309017 -0.769421
0.475528 0.587785 -0.654508
0.475528 0.587785 -0.654508
0.559017 0.309017 -0.769421
1.16467e-16 0.309017 -0.951057
0.475528 0.587785 -0.654508
1.16467e-16 0.309017 -0.951057
9.90727e-17 0.587785 -0.809017
9.90727e-17 0.587785 -0.809017
1.16467e-16 0.309017 -0.951057
-0.559017 0.309017 -0.769421
9.90727e-17 0.587785 -0.809017
-0.559017 0.309017 -0.769421
-0.475528 0.587785 -0.654508
-0.475528 0.587785 -0.654508
-0.559017 0.309017 -0.769421
-0.904508 0.309017 -0.293893
-0.475528 0.587785 -0.654508
-0.904508 0.309017 -0.293893
-0.769421 0.587785 -0.25
-0.769421 0.587785 -0.25
-0.904508 0.309017 -0.293893
-0.904508 0.309017 0.293893
-0.769421 0.587785 -0.25
-0.904508 0.309017 0.293893
-0.769421 0.587785 0.25
-0.769421 0.587785 0.25
-0.904508 0.309017 0.293893
-0.559017 0.309017 0.769421
-0.769421 0.587785 0.25
-0.559017 0.309017 0.769421
-0.475528 0.587785 0.654508
-0.475528 0.587785 0.654508
-0.559017 0.309017 0.769421
-2.32934e-16 0.309017 0.951057
-0.475528 0.587785 0.654508
-2.32934e-16 0.309017 0.951057
-1.98145e-16 0.587785 0.809017
0 0.309017 0.951057
0 6.12303e-17 1
0.587785 6.12303e-17 0.809017
0 0.309017 0.951057
0.587785 6.12303e-17 0.809017
0.559017 0.309017 0.769421
0.559017 0.309017 0.769421
0.587785 6.12303e-17 0.809017
0.951057 6.12303e-17 0.309017
0.559017 0.309017 0.769421
0.951057 6.12303e-17 0.309017
0.904508 0.309017 0.293893
0.904508 0.309017 0.293893
0.951057 6.12303e-17 0.309017
0.951057 6.12303e-17 -0.309017
0.904508 0.309017 0.293893
0.951057 6.12303e-17 -0.309017
0.904508 0.309017 -0.293893
0.904508 0.309017 -0.293893
0.951057 6.12303e-17 -0.309017
0.587785 6.12303e-17 -0.809017
0.904508 0.309017 -0.293893
0.587785 6.12303e-17 -0.809017
0.559017 0.309017 -0.769421
0.559017 0.309017 -0.769421
0.587785 6.12303e-17 -0.809017
1.22461e-16 6.12303e-17 -1
0.559017 0.309017 -0.769421
1.22461e-16 6.12303e-17 -1
1.16467e-16 0.309017 -0.951057
1.16467e-16 0.309017 -0.951057
1.22461e-16 6.12303e-17 -1
-0.587785 6.12303e-17 -0.809017
1.16467e-16 0.309017 -0.951057
-0.587785 6.12303e-17 -0.809017
-0.559017 0.309017 -0.769421
-0.559017 0.309017 -0.769421
-0.587785 6.12303e-17 -0.809017
-0.951057 6.12303e-17 -0.309017
-0.559017 0.309017 -0.769421
-0.951057 6.12303e-17 -0.309017
-0.904508 0.309017 -0.293893
-0.904508 0.309017 -0.293893
-0.951057 6.12303e-17 -0.309017
-0.951057 6.12303e-17 0.309017
-0.904508 0.309017 -0.293893
-0.951057 6.12303e-17 0.309017
-0.904508 0.309017 0.293893
-0.904508 0.309017 0.293893
-0.951057 6.12303e-17 0.309017
-0.587785 6.12303e-17 0.809017
-0.904508 0.309017 0.293893
-0.587785 6.12303e-17 0.809017
-0.559017 0.309017 0.769421
-0.559017 0.309017 0.769421
-0.587785 6.12303e-17 0.809017
-2.44921e-16 6.12303e-17 1
-0.559017 0.309017 0.769421
-2.44921e-16 6.12303e-17 1
-2.32934e-16 0.309017 0.951057
0 6.12303e-17 1
0 -0.309017 0.951057
0.559017 -0.309017 0.769421
0 6.12303e-17 1
0.559017 -0.309017 0.769421
0.587785 6.12303e-17 0.809017
0.587785 6.12303e-17 0.809017
0.559017 -0.309017 0.769421
0.904508 -0.309017 0.293893
0.587785 6.12303e-17 0.809017
0.904508 -0.309017 0.293893
0.951057 6.12303e-17 0.309017
0.951057 6.12303e-17 0.309017
0.904508 -0.309017 0.293893
0.904508 -0.309017 -0.293893
0.951057 6.12303e-17 0.309017
0.904508 -0.309017 -0.293893
0.951057 6.12303e-17 -0.309017
0.951057 6.12303e-17 -0.309017
0.904508 -0.309017 -0.293893
0.559017 -0.309017 -0.769421
0.951057 6.12303e-17 -0.309017
0.559017 -0.309017 -0.769421
0.587785 6.12303e-17 -0.809017
0.587785 6.12303e-17 -0.809017
0.559017 -0.309017 -0.769421
1.16467e-16 -0.309017 -0.951057
0.587785 6.12303e-17 -0.809017
1.16467e-16 -0.309017 -0.951057
1.22461e-16 6.12303e-17 -1
1.22461e-16 6.12303e-17 -1
1.16467e-16 -0.309017 -0.951057
-0.559017 -0.309017 -0.769421
1.22461e-16 6.12303e-17 -1
-0.559017 -0.309017 -0.769421
-0.587785 6.12303e-17 -0.809017
-0.587785 6.12303e-17 -0.809017
-0.559017 -0.309017 -0.769421
-0.904508 -0.309017 -0.293893
-0.587785 6.12303e-17 -0.809017
-0.904508 -0.309017 -0.293893
-0.951057 6.12303e-17 -0.309017
-0.951057 6.12303e-17 -0.309017
-0.904508 -0.309017 -0.293893
-0.904508 -0.309017 0.293893
-0.951057 6.12303e-17 -0.309017
-0.904508 -0.309017 0.293893
-0.951057 6.12303e-17 0.309017
-0.951057 6.12303e-17 0.309017
-0.904508 -0.309017 0.293893
-0.559017 -0.309017 0.769421
-0.951057 6.12303e-17 0.309017
-0.559017 -0.309017 0.769421
-0.587785 6.12303e-17 0.809017
-0.587785 6.12303e-17 0.809017
-0.559017 -0.309017 0.769421
-2.32934e-16 -0.309017 0.951057
-0.587785 6.12303e-17 0.809017
-2.32934e-16 -0.309017 0.951057
-2.44921e-16 6.12303e-17 1
0 -0.309017 0.951057
0 -0.587785 0.809017
0.475528 -0.587785 0.654508
0 -0.309017 0.951057
0.475528 -0.587785 0.654508
0.559017 -0.309017 0.769421
0.559017 -0.309017 0.769421
0.475528 -0.587785 0.654508
0.769421 -0.587785 0.25
0.559017 -0.309017 0.769421
0.769421 -0.587785 0.25
0.904508 -0.309017 0.293893
0.904508 -0.309017 0.293893
0.769421 -0.587785 0.25
0.769421 -0.587785 -0.25
0.904508 -0.309017 0.293893
0.769421 -0.587785 -0.25
0.904508 -0.309017 -0.293893
0.904508 -0.309017 -0.293893
0.769421 -0.587785 -0.25
0.475528 -0.587785 -0.654508
0.904508 -0.309017 -0.293893
0.475528 -0.587785 -0.654508
0.559017 -0.309017 -0.769421
0.559017 -0.309017 -0.769421
0.475528 -0.587785 -0.654508
9.90727e-17 -0.587785 -0.809017
0.559017 -0.309017 -0.769421
9.90727e-17 -0.587785 -0.809017
1.16467e-16 -0.309017 -0.951057
1.16467e-16 -0.309017 -0.951057
9.90727e-17 -0.587785 -0.809017
-0.475528 -0.587785 -0.654508
1.16467e-16 -0.309017 -0.951057
-0.475528 -0.587785 -0.654508
-0.559017 -0.309017 -0.769421
-0.559017 -0.309017 -0.769421
-0.475528 -0.587785 -0.654508
-0.769421 -0.587785 -0.25
-0.559017 -0.309017 -0.769421
-0.769421 -0.587785 -0.25
-0.904508 -0.309017 -0.293893
-0.904508 -0.309017 -0.293893
-0.769421 -0.587785 -0.25
-0.769421 -0.587785 0.25
-0.904508 -0.309017 -0.293893
-0.769421 -0.587785 0.25
-0.904508 -0.309017 0.293893
-0.904508 -0.309017 0.293893
-0.769421 -0.587785 0.25
-0.475528 -0.587785 0.654508
-0.904508 -0.309017 0.293893
-0.475528 -0.587785 0.654508
-0.559017 -0.309017 0.769421
-0.559017 -0.309017 0.769421
-0.475528 -0.587785 0.654508
-1.98145e-16 -0.587785 0.809017
-0.559017 -0.309017 0.769421
-1.98145e-16 -0.587785 0.809017
-2.32934e-16 -0.309017 0.951057
0 -0.587785 0.809017
0 -0.809017 0.587785
0.345492 -0.809017 0.475528
0 -0.587785 0.809017
0.345492 -0.809017 0.475528
0.475528 -0.587785 0.654508
0.475528 -0.587785 0.654508
0.345492 -0.809017 0.475528
0.559017 -0.809017 0.181636
0.475528 -0.587785 0.654508
0.559017 -0.809017 0.181636
0.769421 -0.587785 0.25
0.769421 -0.587785 0.25
0.559017 -0.809017 0.181636
0.559017 -0.809017 -0.181636
0.769421 -0.587785 0.25
0.559017 -0.809017 -0.181636
0.769421 -0.587785 -0.25
0.769421 -0.587785 -0.25
0.559017 -0.809017 -0.181636
0.345492 -0.809017 -0.475528
0.769421 -0.587785 -0.25
0.345492 -0.809017 -0.475528
0.475528 -0.587785 -0.654508
0.475528 -0.587785 -0.654508
0.345492 -0.809017 -0.475528
7.19806e-17 -0.809017 -0.587785
0.475528 -0.587785 -0.654508
7.19806e-17 -0.809017 -0.587785
9.90727e-17 -0.587785 -0.809017
9.90727e-17 -0.587785 -0.809017
7.19806e-17 -0.809017 -0.587785
-0.345492 -0.809017 -0.475528
9.90727e-17 -0.587785 -0.809017
-0.345492 -0.809017 -0.475528
-0.475528 -0.587785 -0.654508
-0.475528 -0.587785 -0.654508
-0.345492 -0.809017 -0.475528
-0.559017 -0.809017 -0.181636
-0.475528 -0.587785 -0.654508
-0.559017 -0.809017 -0.181636
-0.769421 -0.587785 -0.25
-0.769421 -0.587785 -0.25
-0.559017 -0.809017 -0.181636
-0.559017 -0.809017 0.181636
-0.769421 -0.587785 -0.25
-0.559017 -0.809017 0.181636
-0.769421 -0.587785 0.25
-0.769421 -0.587785 0.25
-0.559017 -0.809017 0.181636
-0.345492 -0.809017 0.475528
-0.769421 -0.587785 0.25
-0.345492 -0.809017 0.475528
-0.475528 -0.587785 0.654508
-0.475528 -0.587785 0.654508
-0.345492 -0.809017 0.475528
-1.43961e-16 -0.809017 0.587785
-0.475528 -0.587785 0.654508
-1.43961e-16 -0.809017 0.587785
-1.98145e-16 -0.587785 0.809017
0 -0.809017 0.587785
0 -0.951057 0.309017
0.181636 -0.951057 0.25
0 -0.809017 0.587785
0.181636 -0.951057 0.25
0.345492 -0.809017 0.475528
0.345492 -0.809017 0.475528
0.181636 -0.951057 0.25
0.293893 -0.951057 0.0954915
0.345492 -0.809017 0.475528
0.293893 -0.951057 0.0954915
0.559017 -0.809017 0.181636
0.559017 -0.809017 0.181636
0.293893 -0.951057 0.0954915
0.293893 -0.951057 -0.0954915
0.559017 -0.809017 0.181636
0.293893 -0.951057 -0.0954915
0.559017 -0.809017 -0.181636
0.559017 -0.809017 -0.181636
0.293893 -0.951057 -0.0954915
0.181636 -0.951057 -0.25
0.559017 -0.809017 -0.181636
0.181636 -0.951057 -0.25
0.345492 -0.809017 -0.475528
0.345492 -0.809017 -0.475528
0.181636 -0.951057 -0.25
3.78424e-17 -0.951057 -0.309017
0.345492 -0.809017 -0.475528
3.78424e-17 -0.951057 -0.309017
7.19806e-17 -0.809017 -0.587785
7.19806e-17 -0.809017 -0.587785
3.78424e-17 -0.951057 -0.309017
-0.181636 -0.951057 -0.25
7.19806e-17 -0.809017 -0.587785
-0.181636 -0.951057 -0.25
-0.345492 -0.809017 -0.475528
-0.345492 -0.809017 -0.475528
-0.181636 -0.951057 -0.25
-0.293893 -0.951057 -0.0954915
-0.345492 -0.809017 -0.475528
-0.293893 -0.951057 -0.0954915
-0.559017 -0.809017 -0.181636
-0.559017 -0.809017 -0.181636
-0.293893 -0.951057 -0.0954915
-0.293893 -0.951057 0.0954915
-0.559017 -0.809017 -0.181636
-0.293893 -0.951057 0.0954915
-0.559017 -0.809017 0.181636
-0.559017 -0.809017 0.181636
-0.293893 -0.951057 0.0954915
-0.181636 -0.951057 0.25
-0.559017 -0.809017 0.181636
-0.181636 -0.951057 0.25
-0.345492 -0.809017 0.475528
-0.345492 -0.809017 0.475528
-0.181636 -0.951057 0.25
-7.56848e-17 -0.951057 0.309017
-0.345492 -0.809017 0.475528
-7.56848e-17 -0.951057 0.309017
-1.43961e-16 -0.809017 0.587785
0 -0.951057 0.309017
0 -1 1.22461e-16
7.19806e-17 -1 9.90727e-17
0 -0.951057 0.309017
7.19806e-17 -1 9.90727e-17
0.181636 -0.951057 0.25
0.181636 -0.951057 0.25
7.19806e-17 -1 9.90727e-17
1.16467e-16 -1 3.78424e-17
0.181636 -0.951057 0.25
1.16467e-16 -1 3.78424e-17
0.293893 -0.951057 0.0954915
0.293893 -0.951057 0.0954915
1.16467e-16 -1 3.78424e-17
1.16467e-16 -1 -3.78424e-17
0.293893 -0.951057 0.0954915
1.16467e-16 -1 -3.78424e-17
0.293893 -0.951057 -0.0954915
0.293893 -0.951057 -0.0954915
1.16467e-16 -1 -3.78424e-17
7.19806e-17 -1 -9.90727e-17
0.293893 -0.951057 -0.0954915
7.19806e-17 -1 -9.90727e-17
0.181636 -0.951057 -0.25
0.181636 -0.951057 -0.25
7.19806e-17 -1 -9.90727e-17
1.49966e-32 -1 -1.22461e-16
0.181636 -0.951057 -0.25
1.49966e-32 -1 -1.22461e-16
3.78424e-17 -0.951057 -0.309017
3.78424e-17 -0.951057 -0.309017
1.49966e-32 -1 -1.22461e-16
-7.19806e-17 -1 -9.90727e-17
3.78424e-17 -0.951057 -0.309017
-7.19806e-17 -1 -9.90727e-17
-0.181636 -0.951057 -0.25
-0.181636 -0.951057 -0.25
-7.19806e-17 -1 -9.90727e-17
-1.16467e-16 -1 -3.78424e-17
-0.181636 -0.951057 -0.25
-1.16467e-16 -1 -3.78424e-17
-0.293893 -0.951057 -0.0954915
-0.293893 -0.951057 -0.0954915
-1.16467e-16 -1 -3.78424e-17
-1.16467e-16 -1 3.78424e-17
-0.293893 -0.951057 -0.0954915
-1.16467e-16 -1 3.78424e-17
-0.293893 -0.951057 0.0954915
-0.293893 -0.951057 0.0954915
-1.16467e-16 -1 3.78424e-17
-7.19806e-17 -1 9.90727e-17
-0.293893 -0.951057 0.0954915
-7.19806e-17 -1 9.90727e-17
-0.181636 -0.951057 0.25
-0.181636 -0.951057 0.25
-7.19806e-17 -1 9.90727e-17
-2.99932e-32 -1 1.22461e-16
-0.181636 -0.951057 0.25
-2.99932e-32 -1 1.22461e-16
-7.56848e-17 -0.951057 0.309017
