0 12 0
0 11.5911 3.10583
1.55291 11.5911 2.68973
0 12 0
1.55291 11.5911 2.68973
0 12 0
0 12 0
1.55291 11.5911 2.68973
2.68973 11.5911 1.55291
0 12 0
2.68973 11.5911 1.55291
0 12 0
0 12 0
2.68973 11.5911 1.55291
3.10583 11.5911 1.90171e-16
0 12 0
3.10583 11.5911 1.90171e-16
0 12 0
0 12 0
3.10583 11.5911 1.90171e-16
2.68973 11.5911 -1.55291
0 12 0
2.68973 11.5911 -1.55291
0 12 -0
0 12 -0
2.68973 11.5911 -1.55291
1.55291 11.5911 -2.68973
0 12 -0
1.55291 11.5911 -2.68973
0 12 -0
0 12 -0
1.55291 11.5911 -2.68973
1.75961e-15 11.5911 -3.10583
0 12 -0
1.75961e-15 11.5911 -3.10583
0 12 -0
0 12 -0
1.75961e-15 11.5911 -3.10583
-1.55291 11.5911 -2.68973
0 12 -0
-1.55291 11.5911 -2.68973
-0 12 -0
-0 12 -0
-1.55291 11.5911 -2.68973
-2.68973 11.5911 -1.55291
-0 12 -0
-2.68973 11.5911 -1.55291
-0 12 -0
-0 12 -0
-2.68973 11.5911 -1.55291
-3.10583 11.5911 -5.70513e-16
-0 12 -0
-3.10583 11.5911 -5.70513e-16
-0 12 -0
-0 12 -0
-3.10583 11.5911 -5.70513e-16
-2.68973 11.5911 1.55291
-0 12 -0
-2.68973 11.5911 1.55291
-0 12 0
-0 12 0
-2.68973 11.5911 1.55291
-1.55291 11.5911 2.68973
-0 12 0
-1.55291 11.5911 2.68973
-0 12 0
-0 12 0
-1.55291 11.5911 2.68973
1.99785e-15 11.5911 3.10583
-0 12 0
1.99785e-15 11.5911 3.10583
0 12 0
0 11.5911 3.10583
0 10.3923 6
3 10.3923 5.19615
0 11.5911 3.10583
3 10.3923 5.19615
1.55291 11.5911 2.68973
1.55291 11.5911 2.68973
3 10.3923 5.19615
5.19615 10.3923 3
1.55291 11.5911 2.68973
5.19615 10.3923 3
2.68973 11.5911 1.55291
2.68973 11.5911 1.55291
5.19615 10.3923 3
6 10.3923 3.67382e-16
2.68973 11.5911 1.55291
6 10.3923 3.67382e-16
3.10583 11.5911 1.90171e-16
3.10583 11.5911 1.90171e-16
6 10.3923 3.67382e-16
5.19615 10.3923 -3
3.10583 11.5911 1.90171e-16
5.19615 10.3923 -3
2.68973 11.5911 -1.55291
2.68973 11.5911 -1.55291
5.19615 10.3923 -3
3 10.3923 -5.19615
2.68973 11.5911 -1.55291
3 10.3923 -5.19615
1.55291 11.5911 -2.68973
1.55291 11.5911 -2.68973
3 10.3923 -5.19615
3.3993e-15 10.3923 -6
1.55291 11.5911 -2.68973
3.3993e-15 10.3923 -6
1.75961e-15 11.5911 -3.10583
1.75961e-15 11.5911 -3.10583
3.3993e-15 10.3923 -6
-3 10.3923 -5.19615
1.75961e-15 11.5911 -3.10583
-3 10.3923 -5.19615
-1.55291 11.5911 -2.68973
-1.55291 11.5911 -2.68973
-3 10.3923 -5.19615
-5.19615 10.3923 -3
-1.55291 11.5911 -2.68973
-5.19615 10.3923 -3
-2.68973 11.5911 -1.55291
-2.68973 11.5911 -1.55291
-5.19615 10.3923 -3
-6 10.3923 -1.10215e-15
-2.68973 11.5911 -1.55291
-6 10.3923 -1.10215e-15
-3.10583 11.5911 -5.70513e-16
-3.10583 11.5911 -5.70513e-16
-6 10.3923 -1.10215e-15
-5.19615 10.3923 3
-3.10583 11.5911 -5.70513e-16
-5.19615 10.3923 3
-2.68973 11.5911 1.55291
-2.68973 11.5911 1.55291
-5.19615 10.3923 3
-3 10.3923 5.19615
-2.68973 11.5911 1.55291
-3 10.3923 5.19615
-1.55291 11.5911 2.68973
-1.55291 11.5911 2.68973
-3 10.3923 5.19615
3.85954e-15 10.3923 6
-1.55291 11.5911 2.68973
3.85954e-15 10.3923 6
1.99785e-15 11.5911 3.10583
0 10.3923 6
0 8.48528 8.48528
4.24264 8.48528 7.34847
0 10.3923 6
4.24264 8.48528 7.34847
3 10.3923 5.19615
3 10.3923 5.19615
4.24264 8.48528 7.34847
7.34847 8.48528 4.24264
3 10.3923 5.19615
7.34847 8.48528 4.24264
5.19615 10.3923 3
5.19615 10.3923 3
7.34847 8.48528 4.24264
8.48528 8.48528 5.19556e-16
5.19615 10.3923 3
8.48528 8.48528 5.19556e-16
6 10.3923 3.67382e-16
6 10.3923 3.67382e-16
8.48528 8.48528 5.19556e-16
7.34847 8.48528 -4.24264
6 10.3923 3.67382e-16
7.34847 8.48528 -4.24264
5.19615 10.3923 -3
5.19615 10.3923 -3
7.34847 8.48528 -4.24264
4.24264 8.48528 -7.34847
5.19615 10.3923 -3
4.24264 8.48528 -7.34847
3 10.3923 -5.19615
3 10.3923 -5.19615
4.24264 8.48528 -7.34847
4.80733e-15 8.48528 -8.48528
3 10.3923 -5.19615
4.80733e-15 8.48528 -8.48528
3.3993e-15 10.3923 -6
3.3993e-15 10.3923 -6
4.80733e-15 8.48528 -8.48528
-4.24264 8.48528 -7.34847
3.3993e-15 10.3923 -6
-4.24264 8.48528 -7.34847
-3 10.3923 -5.19615
-3 10.3923 -5.19615
-4.24264 8.48528 -7.34847
-7.34847 8.48528 -4.24264
-3 10.3923 -5.19615
-7.34847 8.48528 -4.24264
-5.19615 10.3923 -3
-5.19615 10.3923 -3
-7.34847 8.48528 -4.24264
-8.48528 8.48528 -1.55867e-15
-5.19615 10.3923 -3
-8.48528 8.48528 -1.55867e-15
-6 10.3923 -1.10215e-15
-6 10.3923 -1.10215e-15
-8.48528 8.48528 -1.55867e-15
-7.34847 8.48528 4.24264
-6 10.3923 -1.10215e-15
-7.34847 8.48528 4.24264
-5.19615 10.3923 3
-5.19615 10.3923 3
-7.34847 8.48528 4.24264
-4.24264 8.48528 7.34847
-5.19615 10.3923 3
-4.24264 8.48528 7.34847
-3 10.3923 5.19615
-3 10.3923 5.19615
-4.24264 8.48528 7.34847
5.45822e-15 8.48528 8.48528
-3 10.3923 5.19615
5.45822e-15 8.48528 8.48528
3.85954e-15 10.3923 6
0 8.48528 8.48528
0 6 10.3923
5.19615 6 9
0 8.48528 8.48528
5.19615 6 9
4.24264 8.48528 7.34847
4.24264 8.48528 7.34847
5.19615 6 9
9 6 5.19615
4.24264 8.48528 7.34847
9 6 5.19615
7.34847 8.48528 4.24264
7.34847 8.48528 4.24264
9 6 5.19615
10.3923 6 6.36324e-16
7.34847 8.48528 4.24264
10.3923 6 6.36324e-16
8.48528 8.48528 5.19556e-16
8.48528 8.48528 5.19556e-16
10.3923 6 6.36324e-16
9 6 -5.19615
8.48528 8.48528 5.19556e-16
9 6 -5.19615
7.34847 8.48528 -4.24264
7.34847 8.48528 -4.24264
9 6 -5.19615
5.19615 6 -9
7.34847 8.48528 -4.24264
5.19615 6 -9
4.24264 8.48528 -7.34847
4.24264 8.48528 -7.34847
5.19615 6 -9
5.88776e-15 6 -10.3923
4.24264 8.48528 -7.34847
5.88776e-15 6 -10.3923
4.80733e-15 8.48528 -8.48528
4.80733e-15 8.48528 -8.48528
5.88776e-15 6 -10.3923
-5.19615 6 -9
4.80733e-15 8.48528 -8.48528
-5.19615 6 -9
-4.24264 8.48528 -7.34847
-4.24264 8.48528 -7.34847
-5.19615 6 -9
-9 6 -5.19615
-4.24264 8.48528 -7.34847
-9 6 -5.19615
-7.34847 8.48528 -4.24264
-7.34847 8.48528 -4.24264
-9 6 -5.19615
-10.3923 6 -1.90897e-15
-7.34847 8.48528 -4.24264
-10.3923 6 -1.90897e-15
-8.48528 8.48528 -1.55867e-15
-8.48528 8.48528 -1.55867e-15
-10.3923 6 -1.90897e-15
-9 6 5.19615
-8.48528 8.48528 -1.55867e-15
-9 6 5.19615
-7.34847 8.48528 4.24264
-7.34847 8.48528 4.24264
-9 6 5.19615
-5.19615 6 9
-7.34847 8.48528 4.24264
-5.19615 6 9
-4.24264 8.48528 7.34847
-4.24264 8.48528 7.34847
-5.19615 6 9
6.68492e-15 6 10.3923
-4.24264 8.48528 7.34847
6.68492e-15 6 10.3923
5.45822e-15 8.48528 8.48528
0 6 10.3923
0 3.10583 11.5911
5.79555 3.10583 10.0382
0 6 10.3923
5.79555 3.10583 10.0382
5.19615 6 9
5.19615 6 9
5.79555 3.10583 10.0382
10.0382 3.10583 5.79555
5.19615 6 9
10.0382 3.10583 5.79555
9 6 5.19615
9 6 5.19615
10.0382 3.10583 5.79555
11.5911 3.10583 7.09727e-16
9 6 5.19615
11.5911 3.10583 7.09727e-16
10.3923 6 6.36324e-16
10.3923 6 6.36324e-16
11.5911 3.10583 7.09727e-16
10.0382 3.10583 -5.79555
10.3923 6 6.36324e-16
10.0382 3.10583 -5.79555
9 6 -5.19615
9 6 -5.19615
10.0382 3.10583 -5.79555
5.79555 3.10583 -10.0382
9 6 -5.19615
5.79555 3.10583 -10.0382
5.19615 6 -9
5.19615 6 -9
5.79555 3.10583 -10.0382
6.56694e-15 3.10583 -11.5911
5.19615 6 -9
6.56694e-15 3.10583 -11.5911
5.88776e-15 6 -10.3923
5.88776e-15 6 -10.3923
6.56694e-15 3.10583 -11.5911
-5.79555 3.10583 -10.0382
5.88776e-15 6 -10.3923
-5.79555 3.10583 -10.0382
-5.19615 6 -9
-5.19615 6 -9
-5.79555 3.10583 -10.0382
-10.0382 3.10583 -5.79555
-5.19615 6 -9
-10.0382 3.10583 -5.79555
-9 6 -5.19615
-9 6 -5.19615
-10.0382 3.10583 -5.79555
-11.5911 3.10583 -2.12918e-15
-9 6 -5.19615
-11.5911 3.10583 -2.12918e-15
-10.3923 6 -1.90897e-15
-10.3923 6 -1.90897e-15
-11.5911 3.10583 -2.12918e-15
-10.0382 3.10583 5.79555
-10.3923 6 -1.90897e-15
-10.0382 3.10583 5.79555
-9 6 5.19615
-9 6 5.19615
-10.0382 3.10583 5.79555
-5.79555 3.10583 10.0382
-9 6 5.19615
-5.79555 3.10583 10.0382
-5.19615 6 9
-5.19615 6 9
-5.79555 3.10583 10.0382
7.45606e-15 3.10583 11.5911
-5.19615 6 9
7.45606e-15 3.10583 11.5911
6.68492e-15 6 10.3923
0 3.10583 11.5911
0 3.3993e-15 12
6 3.3993e-15 10.3923
0 3.10583 11.5911
6 3.3993e-15 10.3923
5.79555 3.10583 10.0382
5.79555 3.10583 10.0382
6 3.3993e-15 10.3923
10.3923 3.3993e-15 6
5.79555 3.10583 10.0382
10.3923 3.3993e-15 6
10.0382 3.10583 5.79555
10.0382 3.10583 5.79555
10.3923 3.3993e-15 6
12 3.3993e-15 7.34764e-16
10.0382 3.10583 5.79555
12 3.3993e-15 7.34764e-16
11.5911 3.10583 7.09727e-16
11.5911 3.10583 7.09727e-16
12 3.3993e-15 7.34764e-16
10.3923 3.3993e-15 -6
11.5911 3.10583 7.09727e-16
10.3923 3.3993e-15 -6
10.0382 3.10583 -5.79555
10.0382 3.10583 -5.79555
10.3923 3.3993e-15 -6
6 3.3993e-15 -10.3923
10.0382 3.10583 -5.79555
6 3.3993e-15 -10.3923
5.79555 3.10583 -10.0382
5.79555 3.10583 -10.0382
6 3.3993e-15 -10.3923
6.7986e-15 3.3993e-15 -12
5.79555 3.10583 -10.0382
6.7986e-15 3.3993e-15 -12
6.56694e-15 3.10583 -11.5911
6.56694e-15 3.10583 -11.5911
6.7986e-15 3.3993e-15 -12
-6 3.3993e-15 -10.3923
6.56694e-15 3.10583 -11.5911
-6 3.3993e-15 -10.3923
-5.79555 3.10583 -10.0382
-5.79555 3.10583 -10.0382
-6 3.3993e-15 -10.3923
-10.3923 3.3993e-15 -6
-5.79555 3.10583 -10.0382
-10.3923 3.3993e-15 -6
-10.0382 3.10583 -5.79555
-10.0382 3.10583 -5.79555
-10.3923 3.3993e-15 -6
-12 3.3993e-15 -2.20429e-15
-10.0382 3.10583 -5.79555
-12 3.3993e-15 -2.20429e-15
-11.5911 3.10583 -2.12918e-15
-11.5911 3.10583 -2.12918e-15
-12 3.3993e-15 -2.20429e-15
-10.3923 3.3993e-15 6
-11.5911 3.10583 -2.12918e-15
-10.3923 3.3993e-15 6
-10.0382 3.10583 5.79555
-10.0382 3.10583 5.79555
-10.3923 3.3993e-15 6
-6 3.3993e-15 10.3923
-10.0382 3.10583 5.79555
-6 3.3993e-15 10.3923
-5.79555 3.10583 10.0382
-5.79555 3.10583 10.0382
-6 3.3993e-15 10.3923
7.71909e-15 3.3993e-15 12
-5.79555 3.10583 10.0382
7.71909e-15 3.3993e-15 12
7.45606e-15 3.10583 11.5911
0 3.3993e-15 12
0 -3.10583 11.5911
5.79555 -3.10583 10.0382
0 3.3993e-15 12
5.79555 -3.10583 10.0382
6 3.3993e-15 10.3923
6 3.3993e-15 10.3923
5.79555 -3.10583 10.0382
10.0382 -3.10583 5.79555
6 3.3993e-15 10.3923
10.0382 -3.10583 5.79555
10.3923 3.3993e-15 6
10.3923 3.3993e-15 6
10.0382 -3.10583 5.79555
11.5911 -3.10583 7.09727e-16
10.3923 3.3993e-15 6
11.5911 -3.10583 7.09727e-16
12 3.3993e-15 7.34764e-16
12 3.3993e-15 7.34764e-16
11.5911 -3.10583 7.09727e-16
10.0382 -3.10583 -5.79555
12 3.3993e-15 7.34764e-16
10.0382 -3.10583 -5.79555
10.3923 3.3993e-15 -6
10.3923 3.3993e-15 -6
10.0382 -3.10583 -5.79555
5.79555 -3.10583 -10.0382
10.3923 3.3993e-15 -6
5.79555 -3.10583 -10.0382
6 3.3993e-15 -10.3923
6 3.3993e-15 -10.3923
5.79555 -3.10583 -10.0382
6.56694e-15 -3.10583 -11.5911
6 3.3993e-15 -10.3923
6.56694e-15 -3.10583 -11.5911
6.7986e-15 3.3993e-15 -12
6.7986e-15 3.3993e-15 -12
6.56694e-15 -3.10583 -11.5911
-5.79555 -3.10583 -10.0382
6.7986e-15 3.3993e-15 -12
-5.79555 -3.10583 -10.0382
-6 3.3993e-15 -10.3923
-6 3.3993e-15 -10.3923
-5.79555 -3.10583 -10.0382
-10.0382 -3.10583 -5.79555
-6 3.3993e-15 -10.3923
-10.0382 -3.10583 -5.79555
-10.3923 3.3993e-15 -6
-10.3923 3.3993e-15 -6
-10.0382 -3.10583 -5.79555
-11.5911 -3.10583 -2.12918e-15
-10.3923 3.3993e-15 -6
-11.5911 -3.10583 -2.12918e-15
-12 3.3993e-15 -2.20429e-15
-12 3.3993e-15 -2.20429e-15
-11.5911 -3.10583 -2.12918e-15
-10.0382 -3.10583 5.79555
-12 3.3993e-15 -2.20429e-15
-10.0382 -3.10583 5.79555
-10.3923 3.3993e-15 6
-10.3923 3.3993e-15 6
-10.0382 -3.10583 5.79555
-5.79555 -3.10583 10.0382
-10.3923 3.3993e-15 6
-5.79555 -3.10583 10.0382
-6 3.3993e-15 10.3923
-6 3.3993e-15 10.3923
-5.79555 -3.10583 10.0382
7.45606e-15 -3.10583 11.5911
-6 3.3993e-15 10.3923
7.45606e-15 -3.10583 11.5911
7.71909e-15 3.3993e-15 12
0 -3.10583 11.5911
0 -6 10.3923
5.19615 -6 9
0 -3.10583 11.5911
5.19615 -6 9
5.79555 -3.10583 10.0382
5.79555 -3.10583 10.0382
5.19615 -6 9
9 -6 5.19615
5.79555 -3.10583 10.0382
9 -6 5.19615
10.0382 -3.10583 5.79555
10.0382 -3.10583 5.79555
9 -6 5.19615
10.3923 -6 6.36324e-16
10.0382 -3.10583 5.79555
10.3923 -6 6.36324e-16
11.5911 -3.10583 7.09727e-16
11.5911 -3.10583 7.09727e-16
10.3923 -6 6.36324e-16
9 -6 -5.19615
11.5911 -3.10583 7.09727e-16
9 -6 -5.19615
10.0382 -3.10583 -5.79555
10.0382 -3.10583 -5.79555
9 -6 -5.19615
5.19615 -6 -9
10.0382 -3.10583 -5.79555
5.19615 -6 -9
5.79555 -3.10583 -10.0382
5.79555 -3.10583 -10.0382
5.19615 -6 -9
5.88776e-15 -6 -10.3923
5.79555 -3.10583 -10.0382
5.88776e-15 -6 -10.3923
6.56694e-15 -3.10583 -11.5911
6.56694e-15 -3.10583 -11.5911
5.88776e-15 -6 -10.3923
-5.19615 -6 -9
6.56694e-15 -3.10583 -11.5911
-5.19615 -6 -9
-5.79555 -3.10583 -10.0382
-5.79555 -3.10583 -10.0382
-5.19615 -6 -9
-9 -6 -5.19615
-5.79555 -3.10583 -10.0382
-9 -6 -5.19615
-10.0382 -3.10583 -5.79555
-10.0382 -3.10583 -5.79555
-9 -6 -5.19615
-10.3923 -6 -1.90897e-15
-10.0382 -3.10583 -5.79555
-10.3923 -6 -1.90897e-15
-11.5911 -3.10583 -2.12918e-15
-11.5911 -3.10583 -2.12918e-15
-10.3923 -6 -1.90897e-15
-9 -6 5.19615
-11.5911 -3.10583 -2.12918e-15
-9 -6 5.19615
-10.0382 -3.10583 5.79555
-10.0382 -3.10583 5.79555
-9 -6 5.19615
-5.19615 -6 9
-10.0382 -3.10583 5.79555
-5.19615 -6 9
-5.79555 -3.10583 10.0382
-5.79555 -3.10583 10.0382
-5.19615 -6 9
6.68492e-15 -6 10.3923
-5.79555 -3.10583 10.0382
6.68492e-15 -6 10.3923
7.45606e-15 -3.10583 11.5911
0 -6 10.3923
0 -8.48528 8.48528
4.24264 -8.48528 7.34847
0 -6 10.3923
4.24264 -8.48528 7.34847
5.19615 -6 9
5.19615 -6 9
4.24264 -8.48528 7.34847
7.34847 -8.48528 4.24264
5.19615 -6 9
7.34847 -8.48528 4.24264
9 -6 5.19615
9 -6 5.19615
7.34847 -8.48528 4.24264
8.48528 -8.48528 5.19556e-16
9 -6 5.19615
8.48528 -8.48528 5.19556e-16
10.3923 -6 6.36324e-16
10.3923 -6 6.36324e-16
8.48528 -8.48528 5.19556e-16
7.34847 -8.48528 -4.24264
10.3923 -6 6.36324e-16
7.34847 -8.48528 -4.24264
9 -6 -5.19615
9 -6 -5.19615
7.34847 -8.48528 -4.24264
4.24264 -8.48528 -7.34847
9 -6 -5.19615
4.24264 -8.48528 -7.34847
5.19615 -6 -9
5.19615 -6 -9
4.24264 -8.48528 -7.34847
4.80733e-15 -8.48528 -8.48528
5.19615 -6 -9
4.80733e-15 -8.48528 -8.48528
5.88776e-15 -6 -10.3923
5.88776e-15 -6 -10.3923
4.80733e-15 -8.48528 -8.48528
-4.24264 -8.48528 -7.34847
5.88776e-15 -6 -10.3923
-4.24264 -8.48528 -7.34847
-5.19615 -6 -9
-5.19615 -6 -9
-4.24264 -8.48528 -7.34847
-7.34847 -8.48528 -4.24264
-5.19615 -6 -9
-7.34847 -8.48528 -4.24264
-9 -6 -5.19615
-9 -6 -5.19615
-7.34847 -8.48528 -4.24264
-8.48528 -8.48528 -1.55867e-15
-9 -6 -5.19615
-8.48528 -8.48528 -1.55867e-15
-10.3923 -6 -1.90897e-15
-10.3923 -6 -1.90897e-15
-8.48528 -8.48528 -1.55867e-15
-7.34847 -8.48528 4.24264
-10.3923 -6 -1.90897e-15
-7.34847 -8.48528 4.24264
-9 -6 5.19615
-9 -6 5.19615
-7.34847 -8.48528 4.24264
-4.24264 -8.48528 7.34847
-9 -6 5.19615
-4.24264 -8.48528 7.34847
-5.19615 -6 9
-5.19615 -6 9
-4.24264 -8.48528 7.34847
5.45822e-15 -8.48528 8.48528
-5.19615 -6 9
5.45822e-15 -8.48528 8.48528
6.68492e-15 -6 10.3923
0 -8.48528 8.48528
0 -10.3923 6
3 -10.3923 5.19615
0 -8.48528 8.48528
3 -10.3923 5.19615
4.24264 -8.48528 7.34847
4.24264 -8.48528 7.34847
3 -10.3923 5.19615
5.19615 -10.3923 3
4.24264 -8.48528 7.34847
5.19615 -10.3923 3
7.34847 -8.48528 4.24264
7.34847 -8.48528 4.24264
5.19615 -10.3923 3
6 -10.3923 3.67382e-16
7.34847 -8.48528 4.24264
6 -10.3923 3.67382e-16
8.48528 -8.48528 5.19556e-16
8.48528 -8.48528 5.19556e-16
6 -10.3923 3.67382e-16
5.19615 -10.3923 -3
8.48528 -8.48528 5.19556e-16
5.19615 -10.3923 -3
7.34847 -8.48528 -4.24264
7.34847 -8.48528 -4.24264
5.19615 -10.3923 -3
3 -10.3923 -5.19615
7.34847 -8.48528 -4.24264
3 -10.3923 -5.19615
4.24264 -8.48528 -7.34847
4.24264 -8.48528 -7.34847
3 -10.3923 -5.19615
3.3993e-15 -10.3923 -6
4.24264 -8.48528 -7.34847
3.3993e-15 -10.3923 -6
4.80733e-15 -8.48528 -8.48528
4.80733e-15 -8.48528 -8.48528
3.3993e-15 -10.3923 -6
-3 -10.3923 -5.19615
4.80733e-15 -8.48528 -8.48528
-3 -10.3923 -5.19615
-4.24264 -8.48528 -7.34847
-4.24264 -8.48528 -7.34847
-3 -10.3923 -5.19615
-5.19615 -10.3923 -3
-4.24264 -8.48528 -7.34847
-5.19615 -10.3923 -3
-7.34847 -8.48528 -4.24264
-7.34847 -8.48528 -4.24264
-5.19615 -10.3923 -3
-6 -10.3923 -1.10215e-15
-7.34847 -8.48528 -4.24264
-6 -10.3923 -1.10215e-15
-8.48528 -8.48528 -1.55867e-15
-8.48528 -8.48528 -1.55867e-15
-6 -10.3923 -1.10215e-15
-5.19615 -10.3923 3
-8.48528 -8.48528 -1.55867e-15
-5.19615 -10.3923 3
-7.34847 -8.48528 4.24264
-7.34847 -8.48528 4.24264
-5.19615 -10.3923 3
-3 -10.3923 5.19615
-7.34847 -8.48528 4.24264
-3 -10.3923 5.19615
-4.24264 -8.48528 7.34847
-4.24264 -8.48528 7.34847
-3 -10.3923 5.19615
3.85954e-15 -10.3923 6
-4.24264 -8.48528 7.34847
3.85954e-15 -10.3923 6
5.45822e-15 -8.48528 8.48528
0 -10.3923 6
0 -11.5911 3.10583
1.55291 -11.5911 2.68973
0 -10.3923 6
1.55291 -11.5911 2.68973
3 -10.3923 5.19615
3 -10.3923 5.19615
1.55291 -11.5911 2.68973
2.68973 -11.5911 1.55291
3 -10.3923 5.19615
2.68973 -11.5911 1.55291
5.19615 -10.3923 3
5.19615 -10.3923 3
2.68973 -11.5911 1.55291
3.10583 -11.5911 1.90171e-16
5.19615 -10.3923 3
3.10583 -11.5911 1.90171e-16
6 -10.3923 3.67382e-16
6 -10.3923 3.67382e-16
3.10583 -11.5911 1.90171e-16
2.68973 -11.5911 -1.55291
6 -10.3923 3.67382e-16
2.68973 -11.5911 -1.55291
5.19615 -10.3923 -3
5.19615 -10.3923 -3
2.68973 -11.5911 -1.55291
1.55291 -11.5911 -2.68973
5.19615 -10.3923 -3
1.55291 -11.5911 -2.68973
3 -10.3923 -5.19615
3 -10.3923 -5.19615
1.55291 -11.5911 -2.68973
1.75961e-15 -11.5911 -3.10583
3 -10.3923 -5.19615
1.75961e-15 -11.5911 -3.10583
3.3993e-15 -10.3923 -6
3.3993e-15 -10.3923 -6
1.75961e-15 -11.5911 -3.10583
-1.55291 -11.5911 -2.68973
3.3993e-15 -10.3923 -6
-1.55291 -11.5911 -2.68973
-3 -10.3923 -5.19615
-3 -10.3923 -5.19615
-1.55291 -11.5911 -2.68973
-2.68973 -11.5911 -1.55291
-3 -10.3923 -5.19615
-2.68973 -11.5911 -1.55291
-5.19615 -10.3923 -3
-5.19615 -10.3923 -3
-2.68973 -11.5911 -1.55291
-3.10583 -11.5911 -5.70513e-16
-5.19615 -10.3923 -3
-3.10583 -11.5911 -5.70513e-16
-6 -10.3923 -1.10215e-15
-6 -10.3923 -1.10215e-15
-3.10583 -11.5911 -5.70513e-16
-2.68973 -11.5911 1.55291
-6 -10.3923 -1.10215e-15
-2.68973 -11.5911 1.55291
-5.19615 -10.3923 3
-5.19615 -10.3923 3
-2.68973 -11.5911 1.55291
-1.55291 -11.5911 2.68973
-5.19615 -10.3923 3
-1.55291 -11.5911 2.68973
-3 -10.3923 5.19615
-3 -10.3923 5.19615
-1.55291 -11.5911 2.68973
1.99785e-15 -11.5911 3.10583
-3 -10.3923 5.19615
1.99785e-15 -11.5911 3.10583
3.85954e-15 -10.3923 6
0 -11.5911 3.10583
-0 -12 -3.85954e-15
-1.92977e-15 -12 -3.34246e-15
0 -11.5911 3.10583
-1.92977e-15 -12 -3.34246e-15
1.55291 -11.5911 2.68973
1.55291 -11.5911 2.68973
-1.92977e-15 -12 -3.34246e-15
-3.34246e-15 -12 -1.92977e-15
1.55291 -11.5911 2.68973
-3.34246e-15 -12 -1.92977e-15
2.68973 -11.5911 1.55291
2.68973 -11.5911 1.55291
-3.34246e-15 -12 -1.92977e-15
-3.85954e-15 -12 -2.36321e-31
2.68973 -11.5911 1.55291
-3.85954e-15 -12 -2.36321e-31
3.10583 -11.5911 1.90171e-16
3.10583 -11.5911 1.90171e-16
-3.85954e-15 -12 -2.36321e-31
-3.34246e-15 -12 1.92977e-15
3.10583 -11.5911 1.90171e-16
-3.34246e-15 -12 1.92977e-15
2.68973 -11.5911 -1.55291
2.68973 -11.5911 -1.55291
-3.34246e-15 -12 1.92977e-15
-1.92977e-15 -12 3.34246e-15
2.68973 -11.5911 -1.55291
-1.92977e-15 -12 3.34246e-15
1.55291 -11.5911 -2.68973
1.55291 -11.5911 -2.68973
-1.92977e-15 -12 3.34246e-15
-2.18662e-30 -12 3.85954e-15
1.55291 -11.5911 -2.68973
-2.18662e-30 -12 3.85954e-15
1.75961e-15 -11.5911 -3.10583
1.75961e-15 -11.5911 -3.10583
-2.18662e-30 -12 3.85954e-15
1.92977e-15 -12 3.34246e-15
1.75961e-15 -11.5911 -3.10583
1.92977e-15 -12 3.34246e-15
-1.55291 -11.5911 -2.68973
-1.55291 -11.5911 -2.68973
1.92977e-15 -12 3.34246e-15
3.34246e-15 -12 1.92977e-15
-1.55291 -11.5911 -2.68973
3.34246e-15 -12 1.92977e-15
-2.68973 -11.5911 -1.55291
-2.68973 -11.5911 -1.55291
3.34246e-15 -12 1.92977e-15
3.85954e-15 -12 7.08963e-31
-2.68973 -11.5911 -1.55291
3.85954e-15 -12 7.08963e-31
-3.10583 -11.5911 -5.70513e-16
-3.10583 -11.5911 -5.70513e-16
3.85954e-15 -12 7.08963e-31
3.34246e-15 -12 -1.92977e-15
-3.10583 -11.5911 -5.70513e-16
3.34246e-15 -12 -1.92977e-15
-2.68973 -11.5911 1.55291
-2.68973 -11.5911 1.55291
3.34246e-15 -12 -1.92977e-15
1.92977e-15 -12 -3.34246e-15
-2.68973 -11.5911 1.55291
1.92977e-15 -12 -3.34246e-15
-1.55291 -11.5911 2.68973
-1.55291 -11.5911 2.68973
1.92977e-15 -12 -3.34246e-15
-2.48268e-30 -12 -3.85954e-15
-1.55291 -11.5911 2.68973
-2.48268e-30 -12 -3.85954e-15
1.99785e-15 -11.5911 3.10583
