-11 0 0.4
-8.8 0 0.5
-11 0 0.5
-11 0 0.4
-8.8 0 0.4
-8.8 0 0.5
-8.8 0 0.4
-6.6 0 0.5
-8.8 0 0.5
-8.8 0 0.4
-6.6 0 0.4
-6.6 0 0.5
-6.6 0 0.4
-4.4 0 0.5
-6.6 0 0.5
-6.6 0 0.4
-4.4 0 0.4
-4.4 0 0.5
-4.4 0 0.4
-2.2 0 0.5
-4.4 0 0.5
-4.4 0 0.4
-2.2 0 0.4
-2.2 0 0.5
-2.2 0 0.4
0 0 0.5
-2.2 0 0.5
-2.2 0 0.4
0 0 0.4
0 0 0.5
0 0 0.4
2.2 0 0.5
0 0 0.5
0 0 0.4
2.2 0 0.4
2.2 0 0.5
2.2 0 0.4
4.4 0 0.5
2.2 0 0.5
2.2 0 0.4
4.4 0 0.4
4.4 0 0.5
4.4 0 0.4
6.6 0 0.5
4.4 0 0.5
4.4 0 0.4
6.6 0 0.4
6.6 0 0.5
6.6 0 0.4
8.8 0 0.5
6.6 0 0.5
6.6 0 0.4
8.8 0 0.4
8.8 0 0.5
8.8 0 0.4
11 0 0.5
8.8 0 0.5
8.8 0 0.4
11 0 0.4
11 0 0.5
-11 0 0.3
-8.8 0 0.4
-11 0 0.4
-11 0 0.3
-8.8 0 0.3
-8.8 0 0.4
-8.8 0 0.3
-6.6 0 0.4
-8.8 0 0.4
-8.8 0 0.3
-6.6 0 0.3
-6.6 0 0.4
-6.6 0 0.3
-4.4 0 0.4
-6.6 0 0.4
-6.6 0 0.3
-4.4 0 0.3
-4.4 0 0.4
-4.4 0 0.3
-2.2 0 0.4
-4.4 0 0.4
-4.4 0 0.3
-2.2 0 0.3
-2.2 0 0.4
-2.2 0 0.3
0 0 0.4
-2.2 0 0.4
-2.2 0 0.3
0 0 0.3
0 0 0.4
0 0 0.3
2.2 0 0.4
0 0 0.4
0 0 0.3
2.2 0 0.3
2.2 0 0.4
2.2 0 0.3
4.4 0 0.4
2.2 0 0.4
2.2 0 0.3
4.4 0 0.3
4.4 0 0.4
4.4 0 0.3
6.6 0 0.4
4.4 0 0.4
4.4 0 0.3
6.6 0 0.3
6.6 0 0.4
6.6 0 0.3
8.8 0 0.4
6.6 0 0.4
6.6 0 0.3
8.8 0 0.3
8.8 0 0.4
8.8 0 0.3
11 0 0.4
8.8 0 0.4
8.8 0 0.3
11 0 0.3
11 0 0.4
-11 0 0.2
-8.8 0 0.3
-11 0 0.3
-11 0 0.2
-8.8 0 0.2
-8.8 0 0.3
-8.8 0 0.2
-6.6 0 0.3
-8.8 0 0.3
-8.8 0 0.2
-6.6 0 0.2
-6.6 0 0.3
-6.6 0 0.2
-4.4 0 0.3
-6.6 0 0.3
-6.6 0 0.2
-4.4 0 0.2
-4.4 0 0.3
-4.4 0 0.2
-2.2 0 0.3
-4.4 0 0.3
-4.4 0 0.2
-2.2 0 0.2
-2.2 0 0.3
-2.2 0 0.2
0 0 0.3
-2.2 0 0.3
-2.2 0 0.2
0 0 0.2
0 0 0.3
0 0 0.2
2.2 0 0.3
0 0 0.3
0 0 0.2
2.2 0 0.2
2.2 0 0.3
2.2 0 0.2
4.4 0 0.3
2.2 0 0.3
2.2 0 0.2
4.4 0 0.2
4.4 0 0.3
4.4 0 0.2
6.6 0 0.3
4.4 0 0.3
4.4 0 0.2
6.6 0 0.2
6.6 0 0.3
6.6 0 0.2
8.8 0 0.3
6.6 0 0.3
6.6 0 0.2
8.8 0 0.2
8.8 0 0.3
8.8 0 0.2
11 0 0.3
8.8 0 0.3
8.8 0 0.2
11 0 0.2
11 0 0.3
-11 0 0.1
-8.8 0 0.2
-11 0 0.2
-11 0 0.1
-8.8 0 0.1
-8.8 0 0.2
-8.8 0 0.1
-6.6 0 0.2
-8.8 0 0.2
-8.8 0 0.1
-6.6 0 0.1
-6.6 0 0.2
-6.6 0 0.1
-4.4 0 0.2
-6.6 0 0.2
-6.6 0 0.1
-4.4 0 0.1
-4.4 0 0.2
-4.4 0 0.1
-2.2 0 0.2
-4.4 0 0.2
-4.4 0 0.1
-2.2 0 0.1
-2.2 0 0.2
-2.2 0 0.1
0 0 0.2
-2.2 0 0.2
-2.2 0 0.1
0 0 0.1
0 0 0.2
0 0 0.1
2.2 0 0.2
0 0 0.2
0 0 0.1
2.2 0 0.1
2.2 0 0.2
2.2 0 0.1
4.4 0 0.2
2.2 0 0.2
2.2 0 0.1
4.4 0 0.1
4.4 0 0.2
4.4 0 0.1
6.6 0 0.2
4.4 0 0.2
4.4 0 0.1
6.6 0 0.1
6.6 0 0.2
6.6 0 0.1
8.8 0 0.2
6.6 0 0.2
6.6 0 0.1
8.8 0 0.1
8.8 0 0.2
8.8 0 0.1
11 0 0.2
8.8 0 0.2
8.8 0 0.1
11 0 0.1
11 0 0.2
-11 0 2.77556e-17
-8.8 0 0.1
-11 0 0.1
-11 0 2.77556e-17
-8.8 0 2.77556e-17
-8.8 0 0.1
-8.8 0 2.77556e-17
-6.6 0 0.1
-8.8 0 0.1
-8.8 0 2.77556e-17
-6.6 0 2.77556e-17
-6.6 0 0.1
-6.6 0 2.77556e-17
-4.4 0 0.1
-6.6 0 0.1
-6.6 0 2.77556e-17
-4.4 0 2.77556e-17
-4.4 0 0.1
-4.4 0 2.77556e-17
-2.2 0 0.1
-4.4 0 0.1
-4.4 0 2.77556e-17
-2.2 0 2.77556e-17
-2.2 0 0.1
-2.2 0 2.77556e-17
0 0 0.1
-2.2 0 0.1
-2.2 0 2.77556e-17
0 0 2.77556e-17
0 0 0.1
0 0 2.77556e-17
2.2 0 0.1
0 0 0.1
0 0 2.77556e-17
2.2 0 2.77556e-17
2.2 0 0.1
2.2 0 2.77556e-17
4.4 0 0.1
2.2 0 0.1
2.2 0 2.77556e-17
4.4 0 2.77556e-17
4.4 0 0.1
4.4 0 2.77556e-17
6.6 0 0.1
4.4 0 0.1
4.4 0 2.77556e-17
6.6 0 2.77556e-17
6.6 0 0.1
6.6 0 2.77556e-17
8.8 0 0.1
6.6 0 0.1
6.6 0 2.77556e-17
8.8 0 2.77556e-17
8.8 0 0.1
8.8 0 2.77556e-17
11 0 0.1
8.8 0 0.1
8.8 0 2.77556e-17
11 0 2.77556e-17
11 0 0.1
-11 0 -0.1
-8.8 0 2.77556e-17
-11 0 2.77556e-17
-11 0 -0.1
-8.8 0 -0.1
-8.8 0 2.77556e-17
-8.8 0 -0.1
-6.6 0 2.77556e-17
-8.8 0 2.77556e-17
-8.8 0 -0.1
-6.6 0 -0.1
-6.6 0 2.77556e-17
-6.6 0 -0.1
-4.4 0 2.77556e-17
-6.6 0 2.77556e-17
-6.6 0 -0.1
-4.4 0 -0.1
-4.4 0 2.77556e-17
-4.4 0 -0.1
-2.2 0 2.77556e-17
-4.4 0 2.77556e-17
-4.4 0 -0.1
-2.2 0 -0.1
-2.2 0 2.77556e-17
-2.2 0 -0.1
0 0 2.77556e-17
-2.2 0 2.77556e-17
-2.2 0 -0.1
0 0 -0.1
0 0 2.77556e-17
0 0 -0.1
2.2 0 2.77556e-17
0 0 2.77556e-17
0 0 -0.1
2.2 0 -0.1
2.2 0 2.77556e-17
2.2 0 -0.1
4.4 0 2.77556e-17
2.2 0 2.77556e-17
2.2 0 -0.1
4.4 0 -0.1
4.4 0 2.77556e-17
4.4 0 -0.1
6.6 0 2.77556e-17
4.4 0 2.77556e-17
4.4 0 -0.1
6.6 0 -0.1
6.6 0 2.77556e-17
6.6 0 -0.1
8.8 0 2.77556e-17
6.6 0 2.77556e-17
6.6 0 -0.1
8.8 0 -0.1
8.8 0 2.77556e-17
8.8 0 -0.1
11 0 2.77556e-17
8.8 0 2.77556e-17
8.8 0 -0.1
11 0 -0.1
11 0 2.77556e-17
-11 0 -0.2
-8.8 0 -0.1
-11 0 -0.1
-11 0 -0.2
-8.8 0 -0.2
-8.8 0 -0.1
-8.8 0 -0.2
-6.6 0 -0.1
-8.8 0 -0.1
-8.8 0 -0.2
-6.6 0 -0.2
-6.6 0 -0.1
-6.6 0 -0.2
-4.4 0 -0.1
-6.6 0 -0.1
-6.6 0 -0.2
-4.4 0 -0.2
-4.4 0 -0.1
-4.4 0 -0.2
-2.2 0 -0.1
-4.4 0 -0.1
-4.4 0 -0.2
-2.2 0 -0.2
-2.2 0 -0.1
-2.2 0 -0.2
0 0 -0.1
-2.2 0 -0.1
-2.2 0 -0.2
0 0 -0.2
0 0 -0.1
0 0 -0.2
2.2 0 -0.1
0 0 -0.1
0 0 -0.2
2.2 0 -0.2
2.2 0 -0.1
2.2 0 -0.2
4.4 0 -0.1
2.2 0 -0.1
2.2 0 -0.2
4.4 0 -0.2
4.4 0 -0.1
4.4 0 -0.2
6.6 0 -0.1
4.4 0 -0.1
4.4 0 -0.2
6.6 0 -0.2
6.6 0 -0.1
6.6 0 -0.2
8.8 0 -0.1
6.6 0 -0.1
6.6 0 -0.2
8.8 0 -0.2
8.8 0 -0.1
8.8 0 -0.2
11 0 -0.1
8.8 0 -0.1
8.8 0 -0.2
11 0 -0.2
11 0 -0.1
-11 0 -0.3
-8.8 0 -0.2
-11 0 -0.2
-11 0 -0.3
-8.8 0 -0.3
-8.8 0 -0.2
-8.8 0 -0.3
-6.6 0 -0.2
-8.8 0 -0.2
-8.8 0 -0.3
-6.6 0 -0.3
-6.6 0 -0.2
-6.6 0 -0.3
-4.4 0 -0.2
-6.6 0 -0.2
-6.6 0 -0.3
-4.4 0 -0.3
-4.4 0 -0.2
-4.4 0 -0.3
-2.2 0 -0.2
-4.4 0 -0.2
-4.4 0 -0.3
-2.2 0 -0.3
-2.2 0 -0.2
-2.2 0 -0.3
0 0 -0.2
-2.2 0 -0.2
-2.2 0 -0.3
0 0 -0.3
0 0 -0.2
0 0 -0.3
2.2 0 -0.2
0 0 -0.2
0 0 -0.3
2.2 0 -0.3
2.2 0 -0.2
2.2 0 -0.3
4.4 0 -0.2
2.2 0 -0.2
2.2 0 -0.3
4.4 0 -0.3
4.4 0 -0.2
4.4 0 -0.3
6.6 0 -0.2
4.4 0 -0.2
4.4 0 -0.3
6.6 0 -0.3
6.6 0 -0.2
6.6 0 -0.3
8.8 0 -0.2
6.6 0 -0.2
6.6 0 -0.3
8.8 0 -0.3
8.8 0 -0.2
8.8 0 -0.3
11 0 -0.2
8.8 0 -0.2
8.8 0 -0.3
11 0 -0.3
11 0 -0.2
-11 0 -0.4
-8.8 0 -0.3
-11 0 -0.3
-11 0 -0.4
-8.8 0 -0.4
-8.8 0 -0.3
-8.8 0 -0.4
-6.6 0 -0.3
-8.8 0 -0.3
-8.8 0 -0.4
-6.6 0 -0.4
-6.6 0 -0.3
-6.6 0 -0.4
-4.4 0 -0.3
-6.6 0 -0.3
-6.6 0 -0.4
-4.4 0 -0.4
-4.4 0 -0.3
-4.4 0 -0.4
-2.2 0 -0.3
-4.4 0 -0.3
-4.4 0 -0.4
-2.2 0 -0.4
-2.2 0 -0.3
-2.2 0 -0.4
0 0 -0.3
-2.2 0 -0.3
-2.2 0 -0.4
0 0 -0.4
0 0 -0.3
0 0 -0.4
2.2 0 -0.3
0 0 -0.3
0 0 -0.4
2.2 0 -0.4
2.2 0 -0.3
2.2 0 -0.4
4.4 0 -0.3
2.2 0 -0.3
2.2 0 -0.4
4.4 0 -0.4
4.4 0 -0.3
4.4 0 -0.4
6.6 0 -0.3
4.4 0 -0.3
4.4 0 -0.4
6.6 0 -0.4
6.6 0 -0.3
6.6 0 -0.4
8.8 0 -0.3
6.6 0 -0.3
6.6 0 -0.4
8.8 0 -0.4
8.8 0 -0.3
8.8 0 -0.4
11 0 -0.3
8.8 0 -0.3
8.8 0 -0.4
11 0 -0.4
11 0 -0.3
-11 0 -0.5
-8.8 0 -0.4
-11 0 -0.4
-11 0 -0.5
-8.8 0 -0.5
-8.8 0 -0.4
-8.8 0 -0.5
-6.6 0 -0.4
-8.8 0 -0.4
-8.8 0 -0.5
-6.6 0 -0.5
-6.6 0 -0.4
-6.6 0 -0.5
-4.4 0 -0.4
-6.6 0 -0.4
-6.6 0 -0.5
-4.4 0 -0.5
-4.4 0 -0.4
-4.4 0 -0.5
-2.2 0 -0.4
-4.4 0 -0.4
-4.4 0 -0.5
-2.2 0 -0.5
-2.2 0 -0.4
-2.2 0 -0.5
0 0 -0.4
-2.2 0 -0.4
-2.2 0 -0.5
0 0 -0.5
0 0 -0.4
0 0 -0.5
2.2 0 -0.4
0 0 -0.4
0 0 -0.5
2.2 0 -0.5
2.2 0 -0.4
2.2 0 -0.5
4.4 0 -0.4
2.2 0 -0.4
2.2 0 -0.5
4.4 0 -0.5
4.4 0 -0.4
4.4 0 -0.5
6.6 0 -0.4
4.4 0 -0.4
4.4 0 -0.5
6.6 0 -0.5
6.6 0 -0.4
6.6 0 -0.5
8.8 0 -0.4
6.6 0 -0.4
6.6 0 -0.5
8.8 0 -0.5
8.8 0 -0.4
8.8 0 -0.5
11 0 -0.4
8.8 0 -0.4
8.8 0 -0.5
11 0 -0.5
11 0 -0.4
-11 3 -0.5
-11 2.7 -0.5
-11 2.7 -0.4
-11 3 -0.5
-11 2.7 -0.4
-11 3 -0.4
-11 2.7 -0.5
-11 2.4 -0.5
-11 2.4 -0.4
-11 2.7 -0.5
-11 2.4 -0.4
-11 2.7 -0.4
-11 2.4 -0.5
-11 2.1 -0.5
-11 2.1 -0.4
-11 2.4 -0.5
-11 2.1 -0.4
-11 2.4 -0.4
-11 2.1 -0.5
-11 1.8 -0.5
-11 1.8 -0.4
-11 2.1 -0.5
-11 1.8 -0.4
-11 2.1 -0.4
-11 1.8 -0.5
-11 1.5 -0.5
-11 1.5 -0.4
-11 1.8 -0.5
-11 1.5 -0.4
-11 1.8 -0.4
-11 1.5 -0.5
-11 1.2 -0.5
-11 1.2 -0.4
-11 1.5 -0.5
-11 1.2 -0.4
-11 1.5 -0.4
-11 1.2 -0.5
-11 0.9 -0.5
-11 0.9 -0.4
-11 1.2 -0.5
-11 0.9 -0.4
-11 1.2 -0.4
-11 0.9 -0.5
-11 0.6 -0.5
-11 0.6 -0.4
-11 0.9 -0.5
-11 0.6 -0.4
-11 0.9 -0.4
-11 0.6 -0.5
-11 0.3 -0.5
-11 0.3 -0.4
-11 0.6 -0.5
-11 0.3 -0.4
-11 0.6 -0.4
-11 0.3 -0.5
-11 3.33067e-16 -0.5
-11 3.33067e-16 -0.4
-11 0.3 -0.5
-11 3.33067e-16 -0.4
-11 0.3 -0.4
-11 3 -0.4
-11 2.7 -0.4
-11 2.7 -0.3
-11 3 -0.4
-11 2.7 -0.3
-11 3 -0.3
-11 2.7 -0.4
-11 2.4 -0.4
-11 2.4 -0.3
-11 2.7 -0.4
-11 2.4 -0.3
-11 2.7 -0.3
-11 2.4 -0.4
-11 2.1 -0.4
-11 2.1 -0.3
-11 2.4 -0.4
-11 2.1 -0.3
-11 2.4 -0.3
-11 2.1 -0.4
-11 1.8 -0.4
-11 1.8 -0.3
-11 2.1 -0.4
-11 1.8 -0.3
-11 2.1 -0.3
-11 1.8 -0.4
-11 1.5 -0.4
-11 1.5 -0.3
-11 1.8 -0.4
-11 1.5 -0.3
-11 1.8 -0.3
-11 1.5 -0.4
-11 1.2 -0.4
-11 1.2 -0.3
-11 1.5 -0.4
-11 1.2 -0.3
-11 1.5 -0.3
-11 1.2 -0.4
-11 0.9 -0.4
-11 0.9 -0.3
-11 1.2 -0.4
-11 0.9 -0.3
-11 1.2 -0.3
-11 0.9 -0.4
-11 0.6 -0.4
-11 0.6 -0.3
-11 0.9 -0.4
-11 0.6 -0.3
-11 0.9 -0.3
-11 0.6 -0.4
-11 0.3 -0.4
-11 0.3 -0.3
-11 0.6 -0.4
-11 0.3 -0.3
-11 0.6 -0.3
-11 0.3 -0.4
-11 3.33067e-16 -0.4
-11 3.33067e-16 -0.3
-11 0.3 -0.4
-11 3.33067e-16 -0.3
-11 0.3 -0.3
-11 3 -0.3
-11 2.7 -0.3
-11 2.7 -0.2
-11 3 -0.3
-11 2.7 -0.2
-11 3 -0.2
-11 2.7 -0.3
-11 2.4 -0.3
-11 2.4 -0.2
-11 2.7 -0.3
-11 2.4 -0.2
-11 2.7 -0.2
-11 2.4 -0.3
-11 2.1 -0.3
-11 2.1 -0.2
-11 2.4 -0.3
-11 2.1 -0.2
-11 2.4 -0.2
-11 2.1 -0.3
-11 1.8 -0.3
-11 1.8 -0.2
-11 2.1 -0.3
-11 1.8 -0.2
-11 2.1 -0.2
-11 1.8 -0.3
-11 1.5 -0.3
-11 1.5 -0.2
-11 1.8 -0.3
-11 1.5 -0.2
-11 1.8 -0.2
-11 1.5 -0.3
-11 1.2 -0.3
-11 1.2 -0.2
-11 1.5 -0.3
-11 1.2 -0.2
-11 1.5 -0.2
-11 1.2 -0.3
-11 0.9 -0.3
-11 0.9 -0.2
-11 1.2 -0.3
-11 0.9 -0.2
-11 1.2 -0.2
-11 0.9 -0.3
-11 0.6 -0.3
-11 0.6 -0.2
-11 0.9 -0.3
-11 0.6 -0.2
-11 0.9 -0.2
-11 0.6 -0.3
-11 0.3 -0.3
-11 0.3 -0.2
-11 0.6 -0.3
-11 0.3 -0.2
-11 0.6 -0.2
-11 0.3 -0.3
-11 3.33067e-16 -0.3
-11 3.33067e-16 -0.2
-11 0.3 -0.3
-11 3.33067e-16 -0.2
-11 0.3 -0.2
-11 3 -0.2
-11 2.7 -0.2
-11 2.7 -0.1
-11 3 -0.2
-11 2.7 -0.1
-11 3 -0.1
-11 2.7 -0.2
-11 2.4 -0.2
-11 2.4 -0.1
-11 2.7 -0.2
-11 2.4 -0.1
-11 2.7 -0.1
-11 2.4 -0.2
-11 2.1 -0.2
-11 2.1 -0.1
-11 2.4 -0.2
-11 2.1 -0.1
-11 2.4 -0.1
-11 2.1 -0.2
-11 1.8 -0.2
-11 1.8 -0.1
-11 2.1 -0.2
-11 1.8 -0.1
-11 2.1 -0.1
-11 1.8 -0.2
-11 1.5 -0.2
-11 1.5 -0.1
-11 1.8 -0.2
-11 1.5 -0.1
-11 1.8 -0.1
-11 1.5 -0.2
-11 1.2 -0.2
-11 1.2 -0.1
-11 1.5 -0.2
-11 1.2 -0.1
-11 1.5 -0.1
-11 1.2 -0.2
-11 0.9 -0.2
-11 0.9 -0.1
-11 1.2 -0.2
-11 0.9 -0.1
-11 1.2 -0.1
-11 0.9 -0.2
-11 0.6 -0.2
-11 0.6 -0.1
-11 0.9 -0.2
-11 0.6 -0.1
-11 0.9 -0.1
-11 0.6 -0.2
-11 0.3 -0.2
-11 0.3 -0.1
-11 0.6 -0.2
-11 0.3 -0.1
-11 0.6 -0.1
-11 0.3 -0.2
-11 3.33067e-16 -0.2
-11 3.33067e-16 -0.1
-11 0.3 -0.2
-11 3.33067e-16 -0.1
-11 0.3 -0.1
-11 3 -0.1
-11 2.7 -0.1
-11 2.7 -2.77556e-17
-11 3 -0.1
-11 2.7 -2.77556e-17
-11 3 -2.77556e-17
-11 2.7 -0.1
-11 2.4 -0.1
-11 2.4 -2.77556e-17
-11 2.7 -0.1
-11 2.4 -2.77556e-17
-11 2.7 -2.77556e-17
-11 2.4 -0.1
-11 2.1 -0.1
-11 2.1 -2.77556e-17
-11 2.4 -0.1
-11 2.1 -2.77556e-17
-11 2.4 -2.77556e-17
-11 2.1 -0.1
-11 1.8 -0.1
-11 1.8 -2.77556e-17
-11 2.1 -0.1
-11 1.8 -2.77556e-17
-11 2.1 -2.77556e-17
-11 1.8 -0.1
-11 1.5 -0.1
-11 1.5 -2.77556e-17
-11 1.8 -0.1
-11 1.5 -2.77556e-17
-11 1.8 -2.77556e-17
-11 1.5 -0.1
-11 1.2 -0.1
-11 1.2 -2.77556e-17
-11 1.5 -0.1
-11 1.2 -2.77556e-17
-11 1.5 -2.77556e-17
-11 1.2 -0.1
-11 0.9 -0.1
-11 0.9 -2.77556e-17
-11 1.2 -0.1
-11 0.9 -2.77556e-17
-11 1.2 -2.77556e-17
-11 0.9 -0.1
-11 0.6 -0.1
-11 0.6 -2.77556e-17
-11 0.9 -0.1
-11 0.6 -2.77556e-17
-11 0.9 -2.77556e-17
-11 0.6 -0.1
-11 0.3 -0.1
-11 0.3 -2.77556e-17
-11 0.6 -0.1
-11 0.3 -2.77556e-17
-11 0.6 -2.77556e-17
-11 0.3 -0.1
-11 3.33067e-16 -0.1
-11 3.33067e-16 -2.77556e-17
-11 0.3 -0.1
-11 3.33067e-16 -2.77556e-17
-11 0.3 -2.77556e-17
-11 3 -2.77556e-17
-11 2.7 -2.77556e-17
-11 2.7 0.1
-11 3 -2.77556e-17
-11 2.7 0.1
-11 3 0.1
-11 2.7 -2.77556e-17
-11 2.4 -2.77556e-17
-11 2.4 0.1
-11 2.7 -2.77556e-17
-11 2.4 0.1
-11 2.7 0.1
-11 2.4 -2.77556e-17
-11 2.1 -2.77556e-17
-11 2.1 0.1
-11 2.4 -2.77556e-17
-11 2.1 0.1
-11 2.4 0.1
-11 2.1 -2.77556e-17
-11 1.8 -2.77556e-17
-11 1.8 0.1
-11 2.1 -2.77556e-17
-11 1.8 0.1
-11 2.1 0.1
-11 1.8 -2.77556e-17
-11 1.5 -2.77556e-17
-11 1.5 0.1
-11 1.8 -2.77556e-17
-11 1.5 0.1
-11 1.8 0.1
-11 1.5 -2.77556e-17
-11 1.2 -2.77556e-17
-11 1.2 0.1
-11 1.5 -2.77556e-17
-11 1.2 0.1
-11 1.5 0.1
-11 1.2 -2.77556e-17
-11 0.9 -2.77556e-17
-11 0.9 0.1
-11 1.2 -2.77556e-17
-11 0.9 0.1
-11 1.2 0.1
-11 0.9 -2.77556e-17
-11 0.6 -2.77556e-17
-11 0.6 0.1
-11 0.9 -2.77556e-17
-11 0.6 0.1
-11 0.9 0.1
-11 0.6 -2.77556e-17
-11 0.3 -2.77556e-17
-11 0.3 0.1
-11 0.6 -2.77556e-17
-11 0.3 0.1
-11 0.6 0.1
-11 0.3 -2.77556e-17
-11 3.33067e-16 -2.77556e-17
-11 3.33067e-16 0.1
-11 0.3 -2.77556e-17
-11 3.33067e-16 0.1
-11 0.3 0.1
-11 3 0.1
-11 2.7 0.1
-11 2.7 0.2
-11 3 0.1
-11 2.7 0.2
-11 3 0.2
-11 2.7 0.1
-11 2.4 0.1
-11 2.4 0.2
-11 2.7 0.1
-11 2.4 0.2
-11 2.7 0.2
-11 2.4 0.1
-11 2.1 0.1
-11 2.1 0.2
-11 2.4 0.1
-11 2.1 0.2
-11 2.4 0.2
-11 2.1 0.1
-11 1.8 0.1
-11 1.8 0.2
-11 2.1 0.1
-11 1.8 0.2
-11 2.1 0.2
-11 1.8 0.1
-11 1.5 0.1
-11 1.5 0.2
-11 1.8 0.1
-11 1.5 0.2
-11 1.8 0.2
-11 1.5 0.1
-11 1.2 0.1
-11 1.2 0.2
-11 1.5 0.1
-11 1.2 0.2
-11 1.5 0.2
-11 1.2 0.1
-11 0.9 0.1
-11 0.9 0.2
-11 1.2 0.1
-11 0.9 0.2
-11 1.2 0.2
-11 0.9 0.1
-11 0.6 0.1
-11 0.6 0.2
-11 0.9 0.1
-11 0.6 0.2
-11 0.9 0.2
-11 0.6 0.1
-11 0.3 0.1
-11 0.3 0.2
-11 0.6 0.1
-11 0.3 0.2
-11 0.6 0.2
-11 0.3 0.1
-11 3.33067e-16 0.1
-11 3.33067e-16 0.2
-11 0.3 0.1
-11 3.33067e-16 0.2
-11 0.3 0.2
-11 3 0.2
-11 2.7 0.2
-11 2.7 0.3
-11 3 0.2
-11 2.7 0.3
-11 3 0.3
-11 2.7 0.2
-11 2.4 0.2
-11 2.4 0.3
-11 2.7 0.2
-11 2.4 0.3
-11 2.7 0.3
-11 2.4 0.2
-11 2.1 0.2
-11 2.1 0.3
-11 2.4 0.2
-11 2.1 0.3
-11 2.4 0.3
-11 2.1 0.2
-11 1.8 0.2
-11 1.8 0.3
-11 2.1 0.2
-11 1.8 0.3
-11 2.1 0.3
-11 1.8 0.2
-11 1.5 0.2
-11 1.5 0.3
-11 1.8 0.2
-11 1.5 0.3
-11 1.8 0.3
-11 1.5 0.2
-11 1.2 0.2
-11 1.2 0.3
-11 1.5 0.2
-11 1.2 0.3
-11 1.5 0.3
-11 1.2 0.2
-11 0.9 0.2
-11 0.9 0.3
-11 1.2 0.2
-11 0.9 0.3
-11 1.2 0.3
-11 0.9 0.2
-11 0.6 0.2
-11 0.6 0.3
-11 0.9 0.2
-11 0.6 0.3
-11 0.9 0.3
-11 0.6 0.2
-11 0.3 0.2
-11 0.3 0.3
-11 0.6 0.2
-11 0.3 0.3
-11 0.6 0.3
-11 0.3 0.2
-11 3.33067e-16 0.2
-11 3.33067e-16 0.3
-11 0.3 0.2
-11 3.33067e-16 0.3
-11 0.3 0.3
-11 3 0.3
-11 2.7 0.3
-11 2.7 0.4
-11 3 0.3
-11 2.7 0.4
-11 3 0.4
-11 2.7 0.3
-11 2.4 0.3
-11 2.4 0.4
-11 2.7 0.3
-11 2.4 0.4
-11 2.7 0.4
-11 2.4 0.3
-11 2.1 0.3
-11 2.1 0.4
-11 2.4 0.3
-11 2.1 0.4
-11 2.4 0.4
-11 2.1 0.3
-11 1.8 0.3
-11 1.8 0.4
-11 2.1 0.3
-11 1.8 0.4
-11 2.1 0.4
-11 1.8 0.3
-11 1.5 0.3
-11 1.5 0.4
-11 1.8 0.3
-11 1.5 0.4
-11 1.8 0.4
-11 1.5 0.3
-11 1.2 0.3
-11 1.2 0.4
-11 1.5 0.3
-11 1.2 0.4
-11 1.5 0.4
-11 1.2 0.3
-11 0.9 0.3
-11 0.9 0.4
-11 1.2 0.3
-11 0.9 0.4
-11 1.2 0.4
-11 0.9 0.3
-11 0.6 0.3
-11 0.6 0.4
-11 0.9 0.3
-11 0.6 0.4
-11 0.9 0.4
-11 0.6 0.3
-11 0.3 0.3
-11 0.3 0.4
-11 0.6 0.3
-11 0.3 0.4
-11 0.6 0.4
-11 0.3 0.3
-11 3.33067e-16 0.3
-11 3.33067e-16 0.4
-11 0.3 0.3
-11 3.33067e-16 0.4
-11 0.3 0.4
-11 3 0.4
-11 2.7 0.4
-11 2.7 0.5
-11 3 0.4
-11 2.7 0.5
-11 3 0.5
-11 2.7 0.4
-11 2.4 0.4
-11 2.4 0.5
-11 2.7 0.4
-11 2.4 0.5
-11 2.7 0.5
-11 2.4 0.4
-11 2.1 0.4
-11 2.1 0.5
-11 2.4 0.4
-11 2.1 0.5
-11 2.4 0.5
-11 2.1 0.4
-11 1.8 0.4
-11 1.8 0.5
-11 2.1 0.4
-11 1.8 0.5
-11 2.1 0.5
-11 1.8 0.4
-11 1.5 0.4
-11 1.5 0.5
-11 1.8 0.4
-11 1.5 0.5
-11 1.8 0.5
-11 1.5 0.4
-11 1.2 0.4
-11 1.2 0.5
-11 1.5 0.4
-11 1.2 0.5
-11 1.5 0.5
-11 1.2 0.4
-11 0.9 0.4
-11 0.9 0.5
-11 1.2 0.4
-11 0.9 0.5
-11 1.2 0.5
-11 0.9 0.4
-11 0.6 0.4
-11 0.6 0.5
-11 0.9 0.4
-11 0.6 0.5
-11 0.9 0.5
-11 0.6 0.4
-11 0.3 0.4
-11 0.3 0.5
-11 0.6 0.4
-11 0.3 0.5
-11 0.6 0.5
-11 0.3 0.4
-11 3.33067e-16 0.4
-11 3.33067e-16 0.5
-11 0.3 0.4
-11 3.33067e-16 0.5
-11 0.3 0.5
-11 3 0.5
-11 2.7 0.5
-8.8 3 0.5
-11 2.7 0.5
-8.8 2.7 0.5
-8.8 3 0.5
-11 2.7 0.5
-11 2.4 0.5
-8.8 2.7 0.5
-11 2.4 0.5
-8.8 2.4 0.5
-8.8 2.7 0.5
-11 2.4 0.5
-11 2.1 0.5
-8.8 2.4 0.5
-11 2.1 0.5
-8.8 2.1 0.5
-8.8 2.4 0.5
-11 2.1 0.5
-11 1.8 0.5
-8.8 2.1 0.5
-11 1.8 0.5
-8.8 1.8 0.5
-8.8 2.1 0.5
-11 1.8 0.5
-11 1.5 0.5
-8.8 1.8 0.5
-11 1.5 0.5
-8.8 1.5 0.5
-8.8 1.8 0.5
-11 1.5 0.5
-11 1.2 0.5
-8.8 1.5 0.5
-11 1.2 0.5
-8.8 1.2 0.5
-8.8 1.5 0.5
-11 1.2 0.5
-11 0.9 0.5
-8.8 1.2 0.5
-11 0.9 0.5
-8.8 0.9 0.5
-8.8 1.2 0.5
-11 0.9 0.5
-11 0.6 0.5
-8.8 0.9 0.5
-11 0.6 0.5
-8.8 0.6 0.5
-8.8 0.9 0.5
-11 0.6 0.5
-11 0.3 0.5
-8.8 0.6 0.5
-11 0.3 0.5
-8.8 0.3 0.5
-8.8 0.6 0.5
-11 0.3 0.5
-11 3.33067e-16 0.5
-8.8 0.3 0.5
-11 3.33067e-16 0.5
-8.8 3.33067e-16 0.5
-8.8 0.3 0.5
-8.8 3 0.5
-8.8 2.7 0.5
-6.6 3 0.5
-8.8 2.7 0.5
-6.6 2.7 0.5
-6.6 3 0.5
-8.8 2.7 0.5
-8.8 2.4 0.5
-6.6 2.7 0.5
-8.8 2.4 0.5
-6.6 2.4 0.5
-6.6 2.7 0.5
-8.8 2.4 0.5
-8.8 2.1 0.5
-6.6 2.4 0.5
-8.8 2.1 0.5
-6.6 2.1 0.5
-6.6 2.4 0.5
-8.8 2.1 0.5
-8.8 1.8 0.5
-6.6 2.1 0.5
-8.8 1.8 0.5
-6.6 1.8 0.5
-6.6 2.1 0.5
-8.8 1.8 0.5
-8.8 1.5 0.5
-6.6 1.8 0.5
-8.8 1.5 0.5
-6.6 1.5 0.5
-6.6 1.8 0.5
-8.8 1.5 0.5
-8.8 1.2 0.5
-6.6 1.5 0.5
-8.8 1.2 0.5
-6.6 1.2 0.5
-6.6 1.5 0.5
-8.8 1.2 0.5
-8.8 0.9 0.5
-6.6 1.2 0.5
-8.8 0.9 0.5
-6.6 0.9 0.5
-6.6 1.2 0.5
-8.8 0.9 0.5
-8.8 0.6 0.5
-6.6 0.9 0.5
-8.8 0.6 0.5
-6.6 0.6 0.5
-6.6 0.9 0.5
-8.8 0.6 0.5
-8.8 0.3 0.5
-6.6 0.6 0.5
-8.8 0.3 0.5
-6.6 0.3 0.5
-6.6 0.6 0.5
-8.8 0.3 0.5
-8.8 3.33067e-16 0.5
-6.6 0.3 0.5
-8.8 3.33067e-16 0.5
-6.6 3.33067e-16 0.5
-6.6 0.3 0.5
-6.6 3 0.5
-6.6 2.7 0.5
-4.4 3 0.5
-6.6 2.7 0.5
-4.4 2.7 0.5
-4.4 3 0.5
-6.6 2.7 0.5
-6.6 2.4 0.5
-4.4 2.7 0.5
-6.6 2.4 0.5
-4.4 2.4 0.5
-4.4 2.7 0.5
-6.6 2.4 0.5
-6.6 2.1 0.5
-4.4 2.4 0.5
-6.6 2.1 0.5
-4.4 2.1 0.5
-4.4 2.4 0.5
-6.6 2.1 0.5
-6.6 1.8 0.5
-4.4 2.1 0.5
-6.6 1.8 0.5
-4.4 1.8 0.5
-4.4 2.1 0.5
-6.6 1.8 0.5
-6.6 1.5 0.5
-4.4 1.8 0.5
-6.6 1.5 0.5
-4.4 1.5 0.5
-4.4 1.8 0.5
-6.6 1.5 0.5
-6.6 1.2 0.5
-4.4 1.5 0.5
-6.6 1.2 0.5
-4.4 1.2 0.5
-4.4 1.5 0.5
-6.6 1.2 0.5
-6.6 0.9 0.5
-4.4 1.2 0.5
-6.6 0.9 0.5
-4.4 0.9 0.5
-4.4 1.2 0.5
-6.6 0.9 0.5
-6.6 0.6 0.5
-4.4 0.9 0.5
-6.6 0.6 0.5
-4.4 0.6 0.5
-4.4 0.9 0.5
-6.6 0.6 0.5
-6.6 0.3 0.5
-4.4 0.6 0.5
-6.6 0.3 0.5
-4.4 0.3 0.5
-4.4 0.6 0.5
-6.6 0.3 0.5
-6.6 3.33067e-16 0.5
-4.4 0.3 0.5
-6.6 3.33067e-16 0.5
-4.4 3.33067e-16 0.5
-4.4 0.3 0.5
-4.4 3 0.5
-4.4 2.7 0.5
-2.2 3 0.5
-4.4 2.7 0.5
-2.2 2.7 0.5
-2.2 3 0.5
-4.4 2.7 0.5
-4.4 2.4 0.5
-2.2 2.7 0.5
-4.4 2.4 0.5
-2.2 2.4 0.5
-2.2 2.7 0.5
-4.4 2.4 0.5
-4.4 2.1 0.5
-2.2 2.4 0.5
-4.4 2.1 0.5
-2.2 2.1 0.5
-2.2 2.4 0.5
-4.4 2.1 0.5
-4.4 1.8 0.5
-2.2 2.1 0.5
-4.4 1.8 0.5
-2.2 1.8 0.5
-2.2 2.1 0.5
-4.4 1.8 0.5
-4.4 1.5 0.5
-2.2 1.8 0.5
-4.4 1.5 0.5
-2.2 1.5 0.5
-2.2 1.8 0.5
-4.4 1.5 0.5
-4.4 1.2 0.5
-2.2 1.5 0.5
-4.4 1.2 0.5
-2.2 1.2 0.5
-2.2 1.5 0.5
-4.4 1.2 0.5
-4.4 0.9 0.5
-2.2 1.2 0.5
-4.4 0.9 0.5
-2.2 0.9 0.5
-2.2 1.2 0.5
-4.4 0.9 0.5
-4.4 0.6 0.5
-2.2 0.9 0.5
-4.4 0.6 0.5
-2.2 0.6 0.5
-2.2 0.9 0.5
-4.4 0.6 0.5
-4.4 0.3 0.5
-2.2 0.6 0.5
-4.4 0.3 0.5
-2.2 0.3 0.5
-2.2 0.6 0.5
-4.4 0.3 0.5
-4.4 3.33067e-16 0.5
-2.2 0.3 0.5
-4.4 3.33067e-16 0.5
-2.2 3.33067e-16 0.5
-2.2 0.3 0.5
-2.2 3 0.5
-2.2 2.7 0.5
0 3 0.5
-2.2 2.7 0.5
0 2.7 0.5
0 3 0.5
-2.2 2.7 0.5
-2.2 2.4 0.5
0 2.7 0.5
-2.2 2.4 0.5
0 2.4 0.5
0 2.7 0.5
-2.2 2.4 0.5
-2.2 2.1 0.5
0 2.4 0.5
-2.2 2.1 0.5
0 2.1 0.5
0 2.4 0.5
-2.2 2.1 0.5
-2.2 1.8 0.5
0 2.1 0.5
-2.2 1.8 0.5
0 1.8 0.5
0 2.1 0.5
-2.2 1.8 0.5
-2.2 1.5 0.5
0 1.8 0.5
-2.2 1.5 0.5
0 1.5 0.5
0 1.8 0.5
-2.2 1.5 0.5
-2.2 1.2 0.5
0 1.5 0.5
-2.2 1.2 0.5
0 1.2 0.5
0 1.5 0.5
-2.2 1.2 0.5
-2.2 0.9 0.5
0 1.2 0.5
-2.2 0.9 0.5
0 0.9 0.5
0 1.2 0.5
-2.2 0.9 0.5
-2.2 0.6 0.5
0 0.9 0.5
-2.2 0.6 0.5
0 0.6 0.5
0 0.9 0.5
-2.2 0.6 0.5
-2.2 0.3 0.5
0 0.6 0.5
-2.2 0.3 0.5
0 0.3 0.5
0 0.6 0.5
-2.2 0.3 0.5
-2.2 3.33067e-16 0.5
0 0.3 0.5
-2.2 3.33067e-16 0.5
0 3.33067e-16 0.5
0 0.3 0.5
0 3 0.5
0 2.7 0.5
2.2 3 0.5
0 2.7 0.5
2.2 2.7 0.5
2.2 3 0.5
0 2.7 0.5
0 2.4 0.5
2.2 2.7 0.5
0 2.4 0.5
2.2 2.4 0.5
2.2 2.7 0.5
0 2.4 0.5
0 2.1 0.5
2.2 2.4 0.5
0 2.1 0.5
2.2 2.1 0.5
2.2 2.4 0.5
0 2.1 0.5
0 1.8 0.5
2.2 2.1 0.5
0 1.8 0.5
2.2 1.8 0.5
2.2 2.1 0.5
0 1.8 0.5
0 1.5 0.5
2.2 1.8 0.5
0 1.5 0.5
2.2 1.5 0.5
2.2 1.8 0.5
0 1.5 0.5
0 1.2 0.5
2.2 1.5 0.5
0 1.2 0.5
2.2 1.2 0.5
2.2 1.5 0.5
0 1.2 0.5
0 0.9 0.5
2.2 1.2 0.5
0 0.9 0.5
2.2 0.9 0.5
2.2 1.2 0.5
0 0.9 0.5
0 0.6 0.5
2.2 0.9 0.5
0 0.6 0.5
2.2 0.6 0.5
2.2 0.9 0.5
0 0.6 0.5
0 0.3 0.5
2.2 0.6 0.5
0 0.3 0.5
2.2 0.3 0.5
2.2 0.6 0.5
0 0.3 0.5
0 3.33067e-16 0.5
2.2 0.3 0.5
0 3.33067e-16 0.5
2.2 3.33067e-16 0.5
2.2 0.3 0.5
2.2 3 0.5
2.2 2.7 0.5
4.4 3 0.5
2.2 2.7 0.5
4.4 2.7 0.5
4.4 3 0.5
2.2 2.7 0.5
2.2 2.4 0.5
4.4 2.7 0.5
2.2 2.4 0.5
4.4 2.4 0.5
4.4 2.7 0.5
2.2 2.4 0.5
2.2 2.1 0.5
4.4 2.4 0.5
2.2 2.1 0.5
4.4 2.1 0.5
4.4 2.4 0.5
2.2 2.1 0.5
2.2 1.8 0.5
4.4 2.1 0.5
2.2 1.8 0.5
4.4 1.8 0.5
4.4 2.1 0.5
2.2 1.8 0.5
2.2 1.5 0.5
4.4 1.8 0.5
2.2 1.5 0.5
4.4 1.5 0.5
4.4 1.8 0.5
2.2 1.5 0.5
2.2 1.2 0.5
4.4 1.5 0.5
2.2 1.2 0.5
4.4 1.2 0.5
4.4 1.5 0.5
2.2 1.2 0.5
2.2 0.9 0.5
4.4 1.2 0.5
2.2 0.9 0.5
4.4 0.9 0.5
4.4 1.2 0.5
2.2 0.9 0.5
2.2 0.6 0.5
4.4 0.9 0.5
2.2 0.6 0.5
4.4 0.6 0.5
4.4 0.9 0.5
2.2 0.6 0.5
2.2 0.3 0.5
4.4 0.6 0.5
2.2 0.3 0.5
4.4 0.3 0.5
4.4 0.6 0.5
2.2 0.3 0.5
2.2 3.33067e-16 0.5
4.4 0.3 0.5
2.2 3.33067e-16 0.5
4.4 3.33067e-16 0.5
4.4 0.3 0.5
4.4 3 0.5
4.4 2.7 0.5
6.6 3 0.5
4.4 2.7 0.5
6.6 2.7 0.5
6.6 3 0.5
4.4 2.7 0.5
4.4 2.4 0.5
6.6 2.7 0.5
4.4 2.4 0.5
6.6 2.4 0.5
6.6 2.7 0.5
4.4 2.4 0.5
4.4 2.1 0.5
6.6 2.4 0.5
4.4 2.1 0.5
6.6 2.1 0.5
6.6 2.4 0.5
4.4 2.1 0.5
4.4 1.8 0.5
6.6 2.1 0.5
4.4 1.8 0.5
6.6 1.8 0.5
6.6 2.1 0.5
4.4 1.8 0.5
4.4 1.5 0.5
6.6 1.8 0.5
4.4 1.5 0.5
6.6 1.5 0.5
6.6 1.8 0.5
4.4 1.5 0.5
4.4 1.2 0.5
6.6 1.5 0.5
4.4 1.2 0.5
6.6 1.2 0.5
6.6 1.5 0.5
4.4 1.2 0.5
4.4 0.9 0.5
6.6 1.2 0.5
4.4 0.9 0.5
6.6 0.9 0.5
6.6 1.2 0.5
4.4 0.9 0.5
4.4 0.6 0.5
6.6 0.9 0.5
4.4 0.6 0.5
6.6 0.6 0.5
6.6 0.9 0.5
4.4 0.6 0.5
4.4 0.3 0.5
6.6 0.6 0.5
4.4 0.3 0.5
6.6 0.3 0.5
6.6 0.6 0.5
4.4 0.3 0.5
4.4 3.33067e-16 0.5
6.6 0.3 0.5
4.4 3.33067e-16 0.5
6.6 3.33067e-16 0.5
6.6 0.3 0.5
6.6 3 0.5
6.6 2.7 0.5
8.8 3 0.5
6.6 2.7 0.5
8.8 2.7 0.5
8.8 3 0.5
6.6 2.7 0.5
6.6 2.4 0.5
8.8 2.7 0.5
6.6 2.4 0.5
8.8 2.4 0.5
8.8 2.7 0.5
6.6 2.4 0.5
6.6 2.1 0.5
8.8 2.4 0.5
6.6 2.1 0.5
8.8 2.1 0.5
8.8 2.4 0.5
6.6 2.1 0.5
6.6 1.8 0.5
8.8 2.1 0.5
6.6 1.8 0.5
8.8 1.8 0.5
8.8 2.1 0.5
6.6 1.8 0.5
6.6 1.5 0.5
8.8 1.8 0.5
6.6 1.5 0.5
8.8 1.5 0.5
8.8 1.8 0.5
6.6 1.5 0.5
6.6 1.2 0.5
8.8 1.5 0.5
6.6 1.2 0.5
8.8 1.2 0.5
8.8 1.5 0.5
6.6 1.2 0.5
6.6 0.9 0.5
8.8 1.2 0.5
6.6 0.9 0.5
8.8 0.9 0.5
8.8 1.2 0.5
6.6 0.9 0.5
6.6 0.6 0.5
8.8 0.9 0.5
6.6 0.6 0.5
8.8 0.6 0.5
8.8 0.9 0.5
6.6 0.6 0.5
6.6 0.3 0.5
8.8 0.6 0.5
6.6 0.3 0.5
8.8 0.3 0.5
8.8 0.6 0.5
6.6 0.3 0.5
6.6 3.33067e-16 0.5
8.8 0.3 0.5
6.6 3.33067e-16 0.5
8.8 3.33067e-16 0.5
8.8 0.3 0.5
8.8 3 0.5
8.8 2.7 0.5
11 3 0.5
8.8 2.7 0.5
11 2.7 0.5
11 3 0.5
8.8 2.7 0.5
8.8 2.4 0.5
11 2.7 0.5
8.8 2.4 0.5
11 2.4 0.5
11 2.7 0.5
8.8 2.4 0.5
8.8 2.1 0.5
11 2.4 0.5
8.8 2.1 0.5
11 2.1 0.5
11 2.4 0.5
8.8 2.1 0.5
8.8 1.8 0.5
11 2.1 0.5
8.8 1.8 0.5
11 1.8 0.5
11 2.1 0.5
8.8 1.8 0.5
8.8 1.5 0.5
11 1.8 0.5
8.8 1.5 0.5
11 1.5 0.5
11 1.8 0.5
8.8 1.5 0.5
8.8 1.2 0.5
11 1.5 0.5
8.8 1.2 0.5
11 1.2 0.5
11 1.5 0.5
8.8 1.2 0.5
8.8 0.9 0.5
11 1.2 0.5
8.8 0.9 0.5
11 0.9 0.5
11 1.2 0.5
8.8 0.9 0.5
8.8 0.6 0.5
11 0.9 0.5
8.8 0.6 0.5
11 0.6 0.5
11 0.9 0.5
8.8 0.6 0.5
8.8 0.3 0.5
11 0.6 0.5
8.8 0.3 0.5
11 0.3 0.5
11 0.6 0.5
8.8 0.3 0.5
8.8 3.33067e-16 0.5
11 0.3 0.5
8.8 3.33067e-16 0.5
11 3.33067e-16 0.5
11 0.3 0.5
-11 3 -0.5
-8.8 3 -0.5
-8.8 2.7 -0.5
-11 3 -0.5
-8.8 2.7 -0.5
-11 2.7 -0.5
-11 2.7 -0.5
-8.8 2.7 -0.5
-8.8 2.4 -0.5
-11 2.7 -0.5
-8.8 2.4 -0.5
-11 2.4 -0.5
-11 2.4 -0.5
-8.8 2.4 -0.5
-8.8 2.1 -0.5
-11 2.4 -0.5
-8.8 2.1 -0.5
-11 2.1 -0.5
-11 2.1 -0.5
-8.8 2.1 -0.5
-8.8 1.8 -0.5
-11 2.1 -0.5
-8.8 1.8 -0.5
-11 1.8 -0.5
-11 1.8 -0.5
-8.8 1.8 -0.5
-8.8 1.5 -0.5
-11 1.8 -0.5
-8.8 1.5 -0.5
-11 1.5 -0.5
-11 1.5 -0.5
-8.8 1.5 -0.5
-8.8 1.2 -0.5
-11 1.5 -0.5
-8.8 1.2 -0.5
-11 1.2 -0.5
-11 1.2 -0.5
-8.8 1.2 -0.5
-8.8 0.9 -0.5
-11 1.2 -0.5
-8.8 0.9 -0.5
-11 0.9 -0.5
-11 0.9 -0.5
-8.8 0.9 -0.5
-8.8 0.6 -0.5
-11 0.9 -0.5
-8.8 0.6 -0.5
-11 0.6 -0.5
-11 0.6 -0.5
-8.8 0.6 -0.5
-8.8 0.3 -0.5
-11 0.6 -0.5
-8.8 0.3 -0.5
-11 0.3 -0.5
-11 0.3 -0.5
-8.8 0.3 -0.5
-8.8 3.33067e-16 -0.5
-11 0.3 -0.5
-8.8 3.33067e-16 -0.5
-11 3.33067e-16 -0.5
-8.8 3 -0.5
-6.6 3 -0.5
-6.6 2.7 -0.5
-8.8 3 -0.5
-6.6 2.7 -0.5
-8.8 2.7 -0.5
-8.8 2.7 -0.5
-6.6 2.7 -0.5
-6.6 2.4 -0.5
-8.8 2.7 -0.5
-6.6 2.4 -0.5
-8.8 2.4 -0.5
-8.8 2.4 -0.5
-6.6 2.4 -0.5
-6.6 2.1 -0.5
-8.8 2.4 -0.5
-6.6 2.1 -0.5
-8.8 2.1 -0.5
-8.8 2.1 -0.5
-6.6 2.1 -0.5
-6.6 1.8 -0.5
-8.8 2.1 -0.5
-6.6 1.8 -0.5
-8.8 1.8 -0.5
-8.8 1.8 -0.5
-6.6 1.8 -0.5
-6.6 1.5 -0.5
-8.8 1.8 -0.5
-6.6 1.5 -0.5
-8.8 1.5 -0.5
-8.8 1.5 -0.5
-6.6 1.5 -0.5
-6.6 1.2 -0.5
-8.8 1.5 -0.5
-6.6 1.2 -0.5
-8.8 1.2 -0.5
-8.8 1.2 -0.5
-6.6 1.2 -0.5
-6.6 0.9 -0.5
-8.8 1.2 -0.5
-6.6 0.9 -0.5
-8.8 0.9 -0.5
-8.8 0.9 -0.5
-6.6 0.9 -0.5
-6.6 0.6 -0.5
-8.8 0.9 -0.5
-6.6 0.6 -0.5
-8.8 0.6 -0.5
-8.8 0.6 -0.5
-6.6 0.6 -0.5
-6.6 0.3 -0.5
-8.8 0.6 -0.5
-6.6 0.3 -0.5
-8.8 0.3 -0.5
-8.8 0.3 -0.5
-6.6 0.3 -0.5
-6.6 3.33067e-16 -0.5
-8.8 0.3 -0.5
-6.6 3.33067e-16 -0.5
-8.8 3.33067e-16 -0.5
-6.6 3 -0.5
-4.4 3 -0.5
-4.4 2.7 -0.5
-6.6 3 -0.5
-4.4 2.7 -0.5
-6.6 2.7 -0.5
-6.6 2.7 -0.5
-4.4 2.7 -0.5
-4.4 2.4 -0.5
-6.6 2.7 -0.5
-4.4 2.4 -0.5
-6.6 2.4 -0.5
-6.6 2.4 -0.5
-4.4 2.4 -0.5
-4.4 2.1 -0.5
-6.6 2.4 -0.5
-4.4 2.1 -0.5
-6.6 2.1 -0.5
-6.6 2.1 -0.5
-4.4 2.1 -0.5
-4.4 1.8 -0.5
-6.6 2.1 -0.5
-4.4 1.8 -0.5
-6.6 1.8 -0.5
-6.6 1.8 -0.5
-4.4 1.8 -0.5
-4.4 1.5 -0.5
-6.6 1.8 -0.5
-4.4 1.5 -0.5
-6.6 1.5 -0.5
-6.6 1.5 -0.5
-4.4 1.5 -0.5
-4.4 1.2 -0.5
-6.6 1.5 -0.5
-4.4 1.2 -0.5
-6.6 1.2 -0.5
-6.6 1.2 -0.5
-4.4 1.2 -0.5
-4.4 0.9 -0.5
-6.6 1.2 -0.5
-4.4 0.9 -0.5
-6.6 0.9 -0.5
-6.6 0.9 -0.5
-4.4 0.9 -0.5
-4.4 0.6 -0.5
-6.6 0.9 -0.5
-4.4 0.6 -0.5
-6.6 0.6 -0.5
-6.6 0.6 -0.5
-4.4 0.6 -0.5
-4.4 0.3 -0.5
-6.6 0.6 -0.5
-4.4 0.3 -0.5
-6.6 0.3 -0.5
-6.6 0.3 -0.5
-4.4 0.3 -0.5
-4.4 3.33067e-16 -0.5
-6.6 0.3 -0.5
-4.4 3.33067e-16 -0.5
-6.6 3.33067e-16 -0.5
-4.4 3 -0.5
-2.2 3 -0.5
-2.2 2.7 -0.5
-4.4 3 -0.5
-2.2 2.7 -0.5
-4.4 2.7 -0.5
-4.4 2.7 -0.5
-2.2 2.7 -0.5
-2.2 2.4 -0.5
-4.4 2.7 -0.5
-2.2 2.4 -0.5
-4.4 2.4 -0.5
-4.4 2.4 -0.5
-2.2 2.4 -0.5
-2.2 2.1 -0.5
-4.4 2.4 -0.5
-2.2 2.1 -0.5
-4.4 2.1 -0.5
-4.4 2.1 -0.5
-2.2 2.1 -0.5
-2.2 1.8 -0.5
-4.4 2.1 -0.5
-2.2 1.8 -0.5
-4.4 1.8 -0.5
-4.4 1.8 -0.5
-2.2 1.8 -0.5
-2.2 1.5 -0.5
-4.4 1.8 -0.5
-2.2 1.5 -0.5
-4.4 1.5 -0.5
-4.4 1.5 -0.5
-2.2 1.5 -0.5
-2.2 1.2 -0.5
-4.4 1.5 -0.5
-2.2 1.2 -0.5
-4.4 1.2 -0.5
-4.4 1.2 -0.5
-2.2 1.2 -0.5
-2.2 0.9 -0.5
-4.4 1.2 -0.5
-2.2 0.9 -0.5
-4.4 0.9 -0.5
-4.4 0.9 -0.5
-2.2 0.9 -0.5
-2.2 0.6 -0.5
-4.4 0.9 -0.5
-2.2 0.6 -0.5
-4.4 0.6 -0.5
-4.4 0.6 -0.5
-2.2 0.6 -0.5
-2.2 0.3 -0.5
-4.4 0.6 -0.5
-2.2 0.3 -0.5
-4.4 0.3 -0.5
-4.4 0.3 -0.5
-2.2 0.3 -0.5
-2.2 3.33067e-16 -0.5
-4.4 0.3 -0.5
-2.2 3.33067e-16 -0.5
-4.4 3.33067e-16 -0.5
-2.2 3 -0.5
0 3 -0.5
0 2.7 -0.5
-2.2 3 -0.5
0 2.7 -0.5
-2.2 2.7 -0.5
-2.2 2.7 -0.5
0 2.7 -0.5
0 2.4 -0.5
-2.2 2.7 -0.5
0 2.4 -0.5
-2.2 2.4 -0.5
-2.2 2.4 -0.5
0 2.4 -0.5
0 2.1 -0.5
-2.2 2.4 -0.5
0 2.1 -0.5
-2.2 2.1 -0.5
-2.2 2.1 -0.5
0 2.1 -0.5
0 1.8 -0.5
-2.2 2.1 -0.5
0 1.8 -0.5
-2.2 1.8 -0.5
-2.2 1.8 -0.5
0 1.8 -0.5
0 1.5 -0.5
-2.2 1.8 -0.5
0 1.5 -0.5
-2.2 1.5 -0.5
-2.2 1.5 -0.5
0 1.5 -0.5
0 1.2 -0.5
-2.2 1.5 -0.5
0 1.2 -0.5
-2.2 1.2 -0.5
-2.2 1.2 -0.5
0 1.2 -0.5
0 0.9 -0.5
-2.2 1.2 -0.5
0 0.9 -0.5
-2.2 0.9 -0.5
-2.2 0.9 -0.5
0 0.9 -0.5
0 0.6 -0.5
-2.2 0.9 -0.5
0 0.6 -0.5
-2.2 0.6 -0.5
-2.2 0.6 -0.5
0 0.6 -0.5
0 0.3 -0.5
-2.2 0.6 -0.5
0 0.3 -0.5
-2.2 0.3 -0.5
-2.2 0.3 -0.5
0 0.3 -0.5
0 3.33067e-16 -0.5
-2.2 0.3 -0.5
0 3.33067e-16 -0.5
-2.2 3.33067e-16 -0.5
0 3 -0.5
2.2 3 -0.5
2.2 2.7 -0.5
0 3 -0.5
2.2 2.7 -0.5
0 2.7 -0.5
0 2.7 -0.5
2.2 2.7 -0.5
2.2 2.4 -0.5
0 2.7 -0.5
2.2 2.4 -0.5
0 2.4 -0.5
0 2.4 -0.5
2.2 2.4 -0.5
2.2 2.1 -0.5
0 2.4 -0.5
2.2 2.1 -0.5
0 2.1 -0.5
0 2.1 -0.5
2.2 2.1 -0.5
2.2 1.8 -0.5
0 2.1 -0.5
2.2 1.8 -0.5
0 1.8 -0.5
0 1.8 -0.5
2.2 1.8 -0.5
2.2 1.5 -0.5
0 1.8 -0.5
2.2 1.5 -0.5
0 1.5 -0.5
0 1.5 -0.5
2.2 1.5 -0.5
2.2 1.2 -0.5
0 1.5 -0.5
2.2 1.2 -0.5
0 1.2 -0.5
0 1.2 -0.5
2.2 1.2 -0.5
2.2 0.9 -0.5
0 1.2 -0.5
2.2 0.9 -0.5
0 0.9 -0.5
0 0.9 -0.5
2.2 0.9 -0.5
2.2 0.6 -0.5
0 0.9 -0.5
2.2 0.6 -0.5
0 0.6 -0.5
0 0.6 -0.5
2.2 0.6 -0.5
2.2 0.3 -0.5
0 0.6 -0.5
2.2 0.3 -0.5
0 0.3 -0.5
0 0.3 -0.5
2.2 0.3 -0.5
2.2 3.33067e-16 -0.5
0 0.3 -0.5
2.2 3.33067e-16 -0.5
0 3.33067e-16 -0.5
2.2 3 -0.5
4.4 3 -0.5
4.4 2.7 -0.5
2.2 3 -0.5
4.4 2.7 -0.5
2.2 2.7 -0.5
2.2 2.7 -0.5
4.4 2.7 -0.5
4.4 2.4 -0.5
2.2 2.7 -0.5
4.4 2.4 -0.5
2.2 2.4 -0.5
2.2 2.4 -0.5
4.4 2.4 -0.5
4.4 2.1 -0.5
2.2 2.4 -0.5
4.4 2.1 -0.5
2.2 2.1 -0.5
2.2 2.1 -0.5
4.4 2.1 -0.5
4.4 1.8 -0.5
2.2 2.1 -0.5
4.4 1.8 -0.5
2.2 1.8 -0.5
2.2 1.8 -0.5
4.4 1.8 -0.5
4.4 1.5 -0.5
2.2 1.8 -0.5
4.4 1.5 -0.5
2.2 1.5 -0.5
2.2 1.5 -0.5
4.4 1.5 -0.5
4.4 1.2 -0.5
2.2 1.5 -0.5
4.4 1.2 -0.5
2.2 1.2 -0.5
2.2 1.2 -0.5
4.4 1.2 -0.5
4.4 0.9 -0.5
2.2 1.2 -0.5
4.4 0.9 -0.5
2.2 0.9 -0.5
2.2 0.9 -0.5
4.4 0.9 -0.5
4.4 0.6 -0.5
2.2 0.9 -0.5
4.4 0.6 -0.5
2.2 0.6 -0.5
2.2 0.6 -0.5
4.4 0.6 -0.5
4.4 0.3 -0.5
2.2 0.6 -0.5
4.4 0.3 -0.5
2.2 0.3 -0.5
2.2 0.3 -0.5
4.4 0.3 -0.5
4.4 3.33067e-16 -0.5
2.2 0.3 -0.5
4.4 3.33067e-16 -0.5
2.2 3.33067e-16 -0.5
4.4 3 -0.5
6.6 3 -0.5
6.6 2.7 -0.5
4.4 3 -0.5
6.6 2.7 -0.5
4.4 2.7 -0.5
4.4 2.7 -0.5
6.6 2.7 -0.5
6.6 2.4 -0.5
4.4 2.7 -0.5
6.6 2.4 -0.5
4.4 2.4 -0.5
4.4 2.4 -0.5
6.6 2.4 -0.5
6.6 2.1 -0.5
4.4 2.4 -0.5
6.6 2.1 -0.5
4.4 2.1 -0.5
4.4 2.1 -0.5
6.6 2.1 -0.5
6.6 1.8 -0.5
4.4 2.1 -0.5
6.6 1.8 -0.5
4.4 1.8 -0.5
4.4 1.8 -0.5
6.6 1.8 -0.5
6.6 1.5 -0.5
4.4 1.8 -0.5
6.6 1.5 -0.5
4.4 1.5 -0.5
4.4 1.5 -0.5
6.6 1.5 -0.5
6.6 1.2 -0.5
4.4 1.5 -0.5
6.6 1.2 -0.5
4.4 1.2 -0.5
4.4 1.2 -0.5
6.6 1.2 -0.5
6.6 0.9 -0.5
4.4 1.2 -0.5
6.6 0.9 -0.5
4.4 0.9 -0.5
4.4 0.9 -0.5
6.6 0.9 -0.5
6.6 0.6 -0.5
4.4 0.9 -0.5
6.6 0.6 -0.5
4.4 0.6 -0.5
4.4 0.6 -0.5
6.6 0.6 -0.5
6.6 0.3 -0.5
4.4 0.6 -0.5
6.6 0.3 -0.5
4.4 0.3 -0.5
4.4 0.3 -0.5
6.6 0.3 -0.5
6.6 3.33067e-16 -0.5
4.4 0.3 -0.5
6.6 3.33067e-16 -0.5
4.4 3.33067e-16 -0.5
6.6 3 -0.5
8.8 3 -0.5
8.8 2.7 -0.5
6.6 3 -0.5
8.8 2.7 -0.5
6.6 2.7 -0.5
6.6 2.7 -0.5
8.8 2.7 -0.5
8.8 2.4 -0.5
6.6 2.7 -0.5
8.8 2.4 -0.5
6.6 2.4 -0.5
6.6 2.4 -0.5
8.8 2.4 -0.5
8.8 2.1 -0.5
6.6 2.4 -0.5
8.8 2.1 -0.5
6.6 2.1 -0.5
6.6 2.1 -0.5
8.8 2.1 -0.5
8.8 1.8 -0.5
6.6 2.1 -0.5
8.8 1.8 -0.5
6.6 1.8 -0.5
6.6 1.8 -0.5
8.8 1.8 -0.5
8.8 1.5 -0.5
6.6 1.8 -0.5
8.8 1.5 -0.5
6.6 1.5 -0.5
6.6 1.5 -0.5
8.8 1.5 -0.5
8.8 1.2 -0.5
6.6 1.5 -0.5
8.8 1.2 -0.5
6.6 1.2 -0.5
6.6 1.2 -0.5
8.8 1.2 -0.5
8.8 0.9 -0.5
6.6 1.2 -0.5
8.8 0.9 -0.5
6.6 0.9 -0.5
6.6 0.9 -0.5
8.8 0.9 -0.5
8.8 0.6 -0.5
6.6 0.9 -0.5
8.8 0.6 -0.5
6.6 0.6 -0.5
6.6 0.6 -0.5
8.8 0.6 -0.5
8.8 0.3 -0.5
6.6 0.6 -0.5
8.8 0.3 -0.5
6.6 0.3 -0.5
6.6 0.3 -0.5
8.8 0.3 -0.5
8.8 3.33067e-16 -0.5
6.6 0.3 -0.5
8.8 3.33067e-16 -0.5
6.6 3.33067e-16 -0.5
8.8 3 -0.5
11 3 -0.5
11 2.7 -0.5
8.8 3 -0.5
11 2.7 -0.5
8.8 2.7 -0.5
8.8 2.7 -0.5
11 2.7 -0.5
11 2.4 -0.5
8.8 2.7 -0.5
11 2.4 -0.5
8.8 2.4 -0.5
8.8 2.4 -0.5
11 2.4 -0.5
11 2.1 -0.5
8.8 2.4 -0.5
11 2.1 -0.5
8.8 2.1 -0.5
8.8 2.1 -0.5
11 2.1 -0.5
11 1.8 -0.5
8.8 2.1 -0.5
11 1.8 -0.5
8.8 1.8 -0.5
8.8 1.8 -0.5
11 1.8 -0.5
11 1.5 -0.5
8.8 1.8 -0.5
11 1.5 -0.5
8.8 1.5 -0.5
8.8 1.5 -0.5
11 1.5 -0.5
11 1.2 -0.5
8.8 1.5 -0.5
11 1.2 -0.5
8.8 1.2 -0.5
8.8 1.2 -0.5
11 1.2 -0.5
11 0.9 -0.5
8.8 1.2 -0.5
11 0.9 -0.5
8.8 0.9 -0.5
8.8 0.9 -0.5
11 0.9 -0.5
11 0.6 -0.5
8.8 0.9 -0.5
11 0.6 -0.5
8.8 0.6 -0.5
8.8 0.6 -0.5
11 0.6 -0.5
11 0.3 -0.5
8.8 0.6 -0.5
11 0.3 -0.5
8.8 0.3 -0.5
8.8 0.3 -0.5
11 0.3 -0.5
11 3.33067e-16 -0.5
8.8 0.3 -0.5
11 3.33067e-16 -0.5
8.8 3.33067e-16 -0.5
11 3 0.5
11 2.7 0.5
11 2.7 0.4
11 3 0.5
11 2.7 0.4
11 3 0.4
11 2.7 0.5
11 2.4 0.5
11 2.4 0.4
11 2.7 0.5
11 2.4 0.4
11 2.7 0.4
11 2.4 0.5
11 2.1 0.5
11 2.1 0.4
11 2.4 0.5
11 2.1 0.4
11 2.4 0.4
11 2.1 0.5
11 1.8 0.5
11 1.8 0.4
11 2.1 0.5
11 1.8 0.4
11 2.1 0.4
11 1.8 0.5
11 1.5 0.5
11 1.5 0.4
11 1.8 0.5
11 1.5 0.4
11 1.8 0.4
11 1.5 0.5
11 1.2 0.5
11 1.2 0.4
11 1.5 0.5
11 1.2 0.4
11 1.5 0.4
11 1.2 0.5
11 0.9 0.5
11 0.9 0.4
11 1.2 0.5
11 0.9 0.4
11 1.2 0.4
11 0.9 0.5
11 0.6 0.5
11 0.6 0.4
11 0.9 0.5
11 0.6 0.4
11 0.9 0.4
11 0.6 0.5
11 0.3 0.5
11 0.3 0.4
11 0.6 0.5
11 0.3 0.4
11 0.6 0.4
11 0.3 0.5
11 3.33067e-16 0.5
11 3.33067e-16 0.4
11 0.3 0.5
11 3.33067e-16 0.4
11 0.3 0.4
11 3 0.4
11 2.7 0.4
11 2.7 0.3
11 3 0.4
11 2.7 0.3
11 3 0.3
11 2.7 0.4
11 2.4 0.4
11 2.4 0.3
11 2.7 0.4
11 2.4 0.3
11 2.7 0.3
11 2.4 0.4
11 2.1 0.4
11 2.1 0.3
11 2.4 0.4
11 2.1 0.3
11 2.4 0.3
11 2.1 0.4
11 1.8 0.4
11 1.8 0.3
11 2.1 0.4
11 1.8 0.3
11 2.1 0.3
11 1.8 0.4
11 1.5 0.4
11 1.5 0.3
11 1.8 0.4
11 1.5 0.3
11 1.8 0.3
11 1.5 0.4
11 1.2 0.4
11 1.2 0.3
11 1.5 0.4
11 1.2 0.3
11 1.5 0.3
11 1.2 0.4
11 0.9 0.4
11 0.9 0.3
11 1.2 0.4
11 0.9 0.3
11 1.2 0.3
11 0.9 0.4
11 0.6 0.4
11 0.6 0.3
11 0.9 0.4
11 0.6 0.3
11 0.9 0.3
11 0.6 0.4
11 0.3 0.4
11 0.3 0.3
11 0.6 0.4
11 0.3 0.3
11 0.6 0.3
11 0.3 0.4
11 3.33067e-16 0.4
11 3.33067e-16 0.3
11 0.3 0.4
11 3.33067e-16 0.3
11 0.3 0.3
11 3 0.3
11 2.7 0.3
11 2.7 0.2
11 3 0.3
11 2.7 0.2
11 3 0.2
11 2.7 0.3
11 2.4 0.3
11 2.4 0.2
11 2.7 0.3
11 2.4 0.2
11 2.7 0.2
11 2.4 0.3
11 2.1 0.3
11 2.1 0.2
11 2.4 0.3
11 2.1 0.2
11 2.4 0.2
11 2.1 0.3
11 1.8 0.3
11 1.8 0.2
11 2.1 0.3
11 1.8 0.2
11 2.1 0.2
11 1.8 0.3
11 1.5 0.3
11 1.5 0.2
11 1.8 0.3
11 1.5 0.2
11 1.8 0.2
11 1.5 0.3
11 1.2 0.3
11 1.2 0.2
11 1.5 0.3
11 1.2 0.2
11 1.5 0.2
11 1.2 0.3
11 0.9 0.3
11 0.9 0.2
11 1.2 0.3
11 0.9 0.2
11 1.2 0.2
11 0.9 0.3
11 0.6 0.3
11 0.6 0.2
11 0.9 0.3
11 0.6 0.2
11 0.9 0.2
11 0.6 0.3
11 0.3 0.3
11 0.3 0.2
11 0.6 0.3
11 0.3 0.2
11 0.6 0.2
11 0.3 0.3
11 3.33067e-16 0.3
11 3.33067e-16 0.2
11 0.3 0.3
11 3.33067e-16 0.2
11 0.3 0.2
11 3 0.2
11 2.7 0.2
11 2.7 0.1
11 3 0.2
11 2.7 0.1
11 3 0.1
11 2.7 0.2
11 2.4 0.2
11 2.4 0.1
11 2.7 0.2
11 2.4 0.1
11 2.7 0.1
11 2.4 0.2
11 2.1 0.2
11 2.1 0.1
11 2.4 0.2
11 2.1 0.1
11 2.4 0.1
11 2.1 0.2
11 1.8 0.2
11 1.8 0.1
11 2.1 0.2
11 1.8 0.1
11 2.1 0.1
11 1.8 0.2
11 1.5 0.2
11 1.5 0.1
11 1.8 0.2
11 1.5 0.1
11 1.8 0.1
11 1.5 0.2
11 1.2 0.2
11 1.2 0.1
11 1.5 0.2
11 1.2 0.1
11 1.5 0.1
11 1.2 0.2
11 0.9 0.2
11 0.9 0.1
11 1.2 0.2
11 0.9 0.1
11 1.2 0.1
11 0.9 0.2
11 0.6 0.2
11 0.6 0.1
11 0.9 0.2
11 0.6 0.1
11 0.9 0.1
11 0.6 0.2
11 0.3 0.2
11 0.3 0.1
11 0.6 0.2
11 0.3 0.1
11 0.6 0.1
11 0.3 0.2
11 3.33067e-16 0.2
11 3.33067e-16 0.1
11 0.3 0.2
11 3.33067e-16 0.1
11 0.3 0.1
11 3 0.1
11 2.7 0.1
11 2.7 2.77556e-17
11 3 0.1
11 2.7 2.77556e-17
11 3 2.77556e-17
11 2.7 0.1
11 2.4 0.1
11 2.4 2.77556e-17
11 2.7 0.1
11 2.4 2.77556e-17
11 2.7 2.77556e-17
11 2.4 0.1
11 2.1 0.1
11 2.1 2.77556e-17
11 2.4 0.1
11 2.1 2.77556e-17
11 2.4 2.77556e-17
11 2.1 0.1
11 1.8 0.1
11 1.8 2.77556e-17
11 2.1 0.1
11 1.8 2.77556e-17
11 2.1 2.77556e-17
11 1.8 0.1
11 1.5 0.1
11 1.5 2.77556e-17
11 1.8 0.1
11 1.5 2.77556e-17
11 1.8 2.77556e-17
11 1.5 0.1
11 1.2 0.1
11 1.2 2.77556e-17
11 1.5 0.1
11 1.2 2.77556e-17
11 1.5 2.77556e-17
11 1.2 0.1
11 0.9 0.1
11 0.9 2.77556e-17
11 1.2 0.1
11 0.9 2.77556e-17
11 1.2 2.77556e-17
11 0.9 0.1
11 0.6 0.1
11 0.6 2.77556e-17
11 0.9 0.1
11 0.6 2.77556e-17
11 0.9 2.77556e-17
11 0.6 0.1
11 0.3 0.1
11 0.3 2.77556e-17
11 0.6 0.1
11 0.3 2.77556e-17
11 0.6 2.77556e-17
11 0.3 0.1
11 3.33067e-16 0.1
11 3.33067e-16 2.77556e-17
11 0.3 0.1
11 3.33067e-16 2.77556e-17
11 0.3 2.77556e-17
11 3 2.77556e-17
11 2.7 2.77556e-17
11 2.7 -0.1
11 3 2.77556e-17
11 2.7 -0.1
11 3 -0.1
11 2.7 2.77556e-17
11 2.4 2.77556e-17
11 2.4 -0.1
11 2.7 2.77556e-17
11 2.4 -0.1
11 2.7 -0.1
11 2.4 2.77556e-17
11 2.1 2.77556e-17
11 2.1 -0.1
11 2.4 2.77556e-17
11 2.1 -0.1
11 2.4 -0.1
11 2.1 2.77556e-17
11 1.8 2.77556e-17
11 1.8 -0.1
11 2.1 2.77556e-17
11 1.8 -0.1
11 2.1 -0.1
11 1.8 2.77556e-17
11 1.5 2.77556e-17
11 1.5 -0.1
11 1.8 2.77556e-17
11 1.5 -0.1
11 1.8 -0.1
11 1.5 2.77556e-17
11 1.2 2.77556e-17
11 1.2 -0.1
11 1.5 2.77556e-17
11 1.2 -0.1
11 1.5 -0.1
11 1.2 2.77556e-17
11 0.9 2.77556e-17
11 0.9 -0.1
11 1.2 2.77556e-17
11 0.9 -0.1
11 1.2 -0.1
11 0.9 2.77556e-17
11 0.6 2.77556e-17
11 0.6 -0.1
11 0.9 2.77556e-17
11 0.6 -0.1
11 0.9 -0.1
11 0.6 2.77556e-17
11 0.3 2.77556e-17
11 0.3 -0.1
11 0.6 2.77556e-17
11 0.3 -0.1
11 0.6 -0.1
11 0.3 2.77556e-17
11 3.33067e-16 2.77556e-17
11 3.33067e-16 -0.1
11 0.3 2.77556e-17
11 3.33067e-16 -0.1
11 0.3 -0.1
11 3 -0.1
11 2.7 -0.1
11 2.7 -0.2
11 3 -0.1
11 2.7 -0.2
11 3 -0.2
11 2.7 -0.1
11 2.4 -0.1
11 2.4 -0.2
11 2.7 -0.1
11 2.4 -0.2
11 2.7 -0.2
11 2.4 -0.1
11 2.1 -0.1
11 2.1 -0.2
11 2.4 -0.1
11 2.1 -0.2
11 2.4 -0.2
11 2.1 -0.1
11 1.8 -0.1
11 1.8 -0.2
11 2.1 -0.1
11 1.8 -0.2
11 2.1 -0.2
11 1.8 -0.1
11 1.5 -0.1
11 1.5 -0.2
11 1.8 -0.1
11 1.5 -0.2
11 1.8 -0.2
11 1.5 -0.1
11 1.2 -0.1
11 1.2 -0.2
11 1.5 -0.1
11 1.2 -0.2
11 1.5 -0.2
11 1.2 -0.1
11 0.9 -0.1
11 0.9 -0.2
11 1.2 -0.1
11 0.9 -0.2
11 1.2 -0.2
11 0.9 -0.1
11 0.6 -0.1
11 0.6 -0.2
11 0.9 -0.1
11 0.6 -0.2
11 0.9 -0.2
11 0.6 -0.1
11 0.3 -0.1
11 0.3 -0.2
11 0.6 -0.1
11 0.3 -0.2
11 0.6 -0.2
11 0.3 -0.1
11 3.33067e-16 -0.1
11 3.33067e-16 -0.2
11 0.3 -0.1
11 3.33067e-16 -0.2
11 0.3 -0.2
11 3 -0.2
11 2.7 -0.2
11 2.7 -0.3
11 3 -0.2
11 2.7 -0.3
11 3 -0.3
11 2.7 -0.2
11 2.4 -0.2
11 2.4 -0.3
11 2.7 -0.2
11 2.4 -0.3
11 2.7 -0.3
11 2.4 -0.2
11 2.1 -0.2
11 2.1 -0.3
11 2.4 -0.2
11 2.1 -0.3
11 2.4 -0.3
11 2.1 -0.2
11 1.8 -0.2
11 1.8 -0.3
11 2.1 -0.2
11 1.8 -0.3
11 2.1 -0.3
11 1.8 -0.2
11 1.5 -0.2
11 1.5 -0.3
11 1.8 -0.2
11 1.5 -0.3
11 1.8 -0.3
11 1.5 -0.2
11 1.2 -0.2
11 1.2 -0.3
11 1.5 -0.2
11 1.2 -0.3
11 1.5 -0.3
11 1.2 -0.2
11 0.9 -0.2
11 0.9 -0.3
11 1.2 -0.2
11 0.9 -0.3
11 1.2 -0.3
11 0.9 -0.2
11 0.6 -0.2
11 0.6 -0.3
11 0.9 -0.2
11 0.6 -0.3
11 0.9 -0.3
11 0.6 -0.2
11 0.3 -0.2
11 0.3 -0.3
11 0.6 -0.2
11 0.3 -0.3
11 0.6 -0.3
11 0.3 -0.2
11 3.33067e-16 -0.2
11 3.33067e-16 -0.3
11 0.3 -0.2
11 3.33067e-16 -0.3
11 0.3 -0.3
11 3 -0.3
11 2.7 -0.3
11 2.7 -0.4
11 3 -0.3
11 2.7 -0.4
11 3 -0.4
11 2.7 -0.3
11 2.4 -0.3
11 2.4 -0.4
11 2.7 -0.3
11 2.4 -0.4
11 2.7 -0.4
11 2.4 -0.3
11 2.1 -0.3
11 2.1 -0.4
11 2.4 -0.3
11 2.1 -0.4
11 2.4 -0.4
11 2.1 -0.3
11 1.8 -0.3
11 1.8 -0.4
11 2.1 -0.3
11 1.8 -0.4
11 2.1 -0.4
11 1.8 -0.3
11 1.5 -0.3
11 1.5 -0.4
11 1.8 -0.3
11 1.5 -0.4
11 1.8 -0.4
11 1.5 -0.3
11 1.2 -0.3
11 1.2 -0.4
11 1.5 -0.3
11 1.2 -0.4
11 1.5 -0.4
11 1.2 -0.3
11 0.9 -0.3
11 0.9 -0.4
11 1.2 -0.3
11 0.9 -0.4
11 1.2 -0.4
11 0.9 -0.3
11 0.6 -0.3
11 0.6 -0.4
11 0.9 -0.3
11 0.6 -0.4
11 0.9 -0.4
11 0.6 -0.3
11 0.3 -0.3
11 0.3 -0.4
11 0.6 -0.3
11 0.3 -0.4
11 0.6 -0.4
11 0.3 -0.3
11 3.33067e-16 -0.3
11 3.33067e-16 -0.4
11 0.3 -0.3
11 3.33067e-16 -0.4
11 0.3 -0.4
11 3 -0.4
11 2.7 -0.4
11 2.7 -0.5
11 3 -0.4
11 2.7 -0.5
11 3 -0.5
11 2.7 -0.4
11 2.4 -0.4
11 2.4 -0.5
11 2.7 -0.4
11 2.4 -0.5
11 2.7 -0.5
11 2.4 -0.4
11 2.1 -0.4
11 2.1 -0.5
11 2.4 -0.4
11 2.1 -0.5
11 2.4 -0.5
11 2.1 -0.4
11 1.8 -0.4
11 1.8 -0.5
11 2.1 -0.4
11 1.8 -0.5
11 2.1 -0.5
11 1.8 -0.4
11 1.5 -0.4
11 1.5 -0.5
11 1.8 -0.4
11 1.5 -0.5
11 1.8 -0.5
11 1.5 -0.4
11 1.2 -0.4
11 1.2 -0.5
11 1.5 -0.4
11 1.2 -0.5
11 1.5 -0.5
11 1.2 -0.4
11 0.9 -0.4
11 0.9 -0.5
11 1.2 -0.4
11 0.9 -0.5
11 1.2 -0.5
11 0.9 -0.4
11 0.6 -0.4
11 0.6 -0.5
11 0.9 -0.4
11 0.6 -0.5
11 0.9 -0.5
11 0.6 -0.4
11 0.3 -0.4
11 0.3 -0.5
11 0.6 -0.4
11 0.3 -0.5
11 0.6 -0.5
11 0.3 -0.4
11 3.33067e-16 -0.4
11 3.33067e-16 -0.5
11 0.3 -0.4
11 3.33067e-16 -0.5
11 0.3 -0.5
-8.8 3 -0.5
-11 3 -0.5
-11 3 -0.4
-8.8 3 -0.5
-11 3 -0.4
-8.8 3 -0.4
-6.6 3 -0.5
-8.8 3 -0.5
-8.8 3 -0.4
-6.6 3 -0.5
-8.8 3 -0.4
-6.6 3 -0.4
-4.4 3 -0.5
-6.6 3 -0.5
-6.6 3 -0.4
-4.4 3 -0.5
-6.6 3 -0.4
-4.4 3 -0.4
-2.2 3 -0.5
-4.4 3 -0.5
-4.4 3 -0.4
-2.2 3 -0.5
-4.4 3 -0.4
-2.2 3 -0.4
0 3 -0.5
-2.2 3 -0.5
-2.2 3 -0.4
0 3 -0.5
-2.2 3 -0.4
0 3 -0.4
2.2 3 -0.5
0 3 -0.5
0 3 -0.4
2.2 3 -0.5
0 3 -0.4
2.2 3 -0.4
4.4 3 -0.5
2.2 3 -0.5
2.2 3 -0.4
4.4 3 -0.5
2.2 3 -0.4
4.4 3 -0.4
6.6 3 -0.5
4.4 3 -0.5
4.4 3 -0.4
6.6 3 -0.5
4.4 3 -0.4
6.6 3 -0.4
8.8 3 -0.5
6.6 3 -0.5
6.6 3 -0.4
8.8 3 -0.5
6.6 3 -0.4
8.8 3 -0.4
11 3 -0.5
8.8 3 -0.5
8.8 3 -0.4
11 3 -0.5
8.8 3 -0.4
11 3 -0.4
-8.8 3 -0.4
-11 3 -0.4
-11 3 -0.3
-8.8 3 -0.4
-11 3 -0.3
-8.8 3 -0.3
-6.6 3 -0.4
-8.8 3 -0.4
-8.8 3 -0.3
-6.6 3 -0.4
-8.8 3 -0.3
-6.6 3 -0.3
-4.4 3 -0.4
-6.6 3 -0.4
-6.6 3 -0.3
-4.4 3 -0.4
-6.6 3 -0.3
-4.4 3 -0.3
-2.2 3 -0.4
-4.4 3 -0.4
-4.4 3 -0.3
-2.2 3 -0.4
-4.4 3 -0.3
-2.2 3 -0.3
0 3 -0.4
-2.2 3 -0.4
-2.2 3 -0.3
0 3 -0.4
-2.2 3 -0.3
0 3 -0.3
2.2 3 -0.4
0 3 -0.4
0 3 -0.3
2.2 3 -0.4
0 3 -0.3
2.2 3 -0.3
4.4 3 -0.4
2.2 3 -0.4
2.2 3 -0.3
4.4 3 -0.4
2.2 3 -0.3
4.4 3 -0.3
6.6 3 -0.4
4.4 3 -0.4
4.4 3 -0.3
6.6 3 -0.4
4.4 3 -0.3
6.6 3 -0.3
8.8 3 -0.4
6.6 3 -0.4
6.6 3 -0.3
8.8 3 -0.4
6.6 3 -0.3
8.8 3 -0.3
11 3 -0.4
8.8 3 -0.4
8.8 3 -0.3
11 3 -0.4
8.8 3 -0.3
11 3 -0.3
-8.8 3 -0.3
-11 3 -0.3
-11 3 -0.2
-8.8 3 -0.3
-11 3 -0.2
-8.8 3 -0.2
-6.6 3 -0.3
-8.8 3 -0.3
-8.8 3 -0.2
-6.6 3 -0.3
-8.8 3 -0.2
-6.6 3 -0.2
-4.4 3 -0.3
-6.6 3 -0.3
-6.6 3 -0.2
-4.4 3 -0.3
-6.6 3 -0.2
-4.4 3 -0.2
-2.2 3 -0.3
-4.4 3 -0.3
-4.4 3 -0.2
-2.2 3 -0.3
-4.4 3 -0.2
-2.2 3 -0.2
0 3 -0.3
-2.2 3 -0.3
-2.2 3 -0.2
0 3 -0.3
-2.2 3 -0.2
0 3 -0.2
2.2 3 -0.3
0 3 -0.3
0 3 -0.2
2.2 3 -0.3
0 3 -0.2
2.2 3 -0.2
4.4 3 -0.3
2.2 3 -0.3
2.2 3 -0.2
4.4 3 -0.3
2.2 3 -0.2
4.4 3 -0.2
6.6 3 -0.3
4.4 3 -0.3
4.4 3 -0.2
6.6 3 -0.3
4.4 3 -0.2
6.6 3 -0.2
8.8 3 -0.3
6.6 3 -0.3
6.6 3 -0.2
8.8 3 -0.3
6.6 3 -0.2
8.8 3 -0.2
11 3 -0.3
8.8 3 -0.3
8.8 3 -0.2
11 3 -0.3
8.8 3 -0.2
11 3 -0.2
-8.8 3 -0.2
-11 3 -0.2
-11 3 -0.1
-8.8 3 -0.2
-11 3 -0.1
-8.8 3 -0.1
-6.6 3 -0.2
-8.8 3 -0.2
-8.8 3 -0.1
-6.6 3 -0.2
-8.8 3 -0.1
-6.6 3 -0.1
-4.4 3 -0.2
-6.6 3 -0.2
-6.6 3 -0.1
-4.4 3 -0.2
-6.6 3 -0.1
-4.4 3 -0.1
-2.2 3 -0.2
-4.4 3 -0.2
-4.4 3 -0.1
-2.2 3 -0.2
-4.4 3 -0.1
-2.2 3 -0.1
0 3 -0.2
-2.2 3 -0.2
-2.2 3 -0.1
0 3 -0.2
-2.2 3 -0.1
0 3 -0.1
2.2 3 -0.2
0 3 -0.2
0 3 -0.1
2.2 3 -0.2
0 3 -0.1
2.2 3 -0.1
4.4 3 -0.2
2.2 3 -0.2
2.2 3 -0.1
4.4 3 -0.2
2.2 3 -0.1
4.4 3 -0.1
6.6 3 -0.2
4.4 3 -0.2
4.4 3 -0.1
6.6 3 -0.2
4.4 3 -0.1
6.6 3 -0.1
8.8 3 -0.2
6.6 3 -0.2
6.6 3 -0.1
8.8 3 -0.2
6.6 3 -0.1
8.8 3 -0.1
11 3 -0.2
8.8 3 -0.2
8.8 3 -0.1
11 3 -0.2
8.8 3 -0.1
11 3 -0.1
-8.8 3 -0.1
-11 3 -0.1
-11 3 -2.77556e-17
-8.8 3 -0.1
-11 3 -2.77556e-17
-8.8 3 -2.77556e-17
-6.6 3 -0.1
-8.8 3 -0.1
-8.8 3 -2.77556e-17
-6.6 3 -0.1
-8.8 3 -2.77556e-17
-6.6 3 -2.77556e-17
-4.4 3 -0.1
-6.6 3 -0.1
-6.6 3 -2.77556e-17
-4.4 3 -0.1
-6.6 3 -2.77556e-17
-4.4 3 -2.77556e-17
-2.2 3 -0.1
-4.4 3 -0.1
-4.4 3 -2.77556e-17
-2.2 3 -0.1
-4.4 3 -2.77556e-17
-2.2 3 -2.77556e-17
0 3 -0.1
-2.2 3 -0.1
-2.2 3 -2.77556e-17
0 3 -0.1
-2.2 3 -2.77556e-17
0 3 -2.77556e-17
2.2 3 -0.1
0 3 -0.1
0 3 -2.77556e-17
2.2 3 -0.1
0 3 -2.77556e-17
2.2 3 -2.77556e-17
4.4 3 -0.1
2.2 3 -0.1
2.2 3 -2.77556e-17
4.4 3 -0.1
2.2 3 -2.77556e-17
4.4 3 -2.77556e-17
6.6 3 -0.1
4.4 3 -0.1
4.4 3 -2.77556e-17
6.6 3 -0.1
4.4 3 -2.77556e-17
6.6 3 -2.77556e-17
8.8 3 -0.1
6.6 3 -0.1
6.6 3 -2.77556e-17
8.8 3 -0.1
6.6 3 -2.77556e-17
8.8 3 -2.77556e-17
11 3 -0.1
8.8 3 -0.1
8.8 3 -2.77556e-17
11 3 -0.1
8.8 3 -2.77556e-17
11 3 -2.77556e-17
-8.8 3 -2.77556e-17
-11 3 -2.77556e-17
-11 3 0.1
-8.8 3 -2.77556e-17
-11 3 0.1
-8.8 3 0.1
-6.6 3 -2.77556e-17
-8.8 3 -2.77556e-17
-8.8 3 0.1
-6.6 3 -2.77556e-17
-8.8 3 0.1
-6.6 3 0.1
-4.4 3 -2.77556e-17
-6.6 3 -2.77556e-17
-6.6 3 0.1
-4.4 3 -2.77556e-17
-6.6 3 0.1
-4.4 3 0.1
-2.2 3 -2.77556e-17
-4.4 3 -2.77556e-17
-4.4 3 0.1
-2.2 3 -2.77556e-17
-4.4 3 0.1
-2.2 3 0.1
0 3 -2.77556e-17
-2.2 3 -2.77556e-17
-2.2 3 0.1
0 3 -2.77556e-17
-2.2 3 0.1
0 3 0.1
2.2 3 -2.77556e-17
0 3 -2.77556e-17
0 3 0.1
2.2 3 -2.77556e-17
0 3 0.1
2.2 3 0.1
4.4 3 -2.77556e-17
2.2 3 -2.77556e-17
2.2 3 0.1
4.4 3 -2.77556e-17
2.2 3 0.1
4.4 3 0.1
6.6 3 -2.77556e-17
4.4 3 -2.77556e-17
4.4 3 0.1
6.6 3 -2.77556e-17
4.4 3 0.1
6.6 3 0.1
8.8 3 -2.77556e-17
6.6 3 -2.77556e-17
6.6 3 0.1
8.8 3 -2.77556e-17
6.6 3 0.1
8.8 3 0.1
11 3 -2.77556e-17
8.8 3 -2.77556e-17
8.8 3 0.1
11 3 -2.77556e-17
8.8 3 0.1
11 3 0.1
-8.8 3 0.1
-11 3 0.1
-11 3 0.2
-8.8 3 0.1
-11 3 0.2
-8.8 3 0.2
-6.6 3 0.1
-8.8 3 0.1
-8.8 3 0.2
-6.6 3 0.1
-8.8 3 0.2
-6.6 3 0.2
-4.4 3 0.1
-6.6 3 0.1
-6.6 3 0.2
-4.4 3 0.1
-6.6 3 0.2
-4.4 3 0.2
-2.2 3 0.1
-4.4 3 0.1
-4.4 3 0.2
-2.2 3 0.1
-4.4 3 0.2
-2.2 3 0.2
0 3 0.1
-2.2 3 0.1
-2.2 3 0.2
0 3 0.1
-2.2 3 0.2
0 3 0.2
2.2 3 0.1
0 3 0.1
0 3 0.2
2.2 3 0.1
0 3 0.2
2.2 3 0.2
4.4 3 0.1
2.2 3 0.1
2.2 3 0.2
4.4 3 0.1
2.2 3 0.2
4.4 3 0.2
6.6 3 0.1
4.4 3 0.1
4.4 3 0.2
6.6 3 0.1
4.4 3 0.2
6.6 3 0.2
8.8 3 0.1
6.6 3 0.1
6.6 3 0.2
8.8 3 0.1
6.6 3 0.2
8.8 3 0.2
11 3 0.1
8.8 3 0.1
8.8 3 0.2
11 3 0.1
8.8 3 0.2
11 3 0.2
-8.8 3 0.2
-11 3 0.2
-11 3 0.3
-8.8 3 0.2
-11 3 0.3
-8.8 3 0.3
-6.6 3 0.2
-8.8 3 0.2
-8.8 3 0.3
-6.6 3 0.2
-8.8 3 0.3
-6.6 3 0.3
-4.4 3 0.2
-6.6 3 0.2
-6.6 3 0.3
-4.4 3 0.2
-6.6 3 0.3
-4.4 3 0.3
-2.2 3 0.2
-4.4 3 0.2
-4.4 3 0.3
-2.2 3 0.2
-4.4 3 0.3
-2.2 3 0.3
0 3 0.2
-2.2 3 0.2
-2.2 3 0.3
0 3 0.2
-2.2 3 0.3
0 3 0.3
2.2 3 0.2
0 3 0.2
0 3 0.3
2.2 3 0.2
0 3 0.3
2.2 3 0.3
4.4 3 0.2
2.2 3 0.2
2.2 3 0.3
4.4 3 0.2
2.2 3 0.3
4.4 3 0.3
6.6 3 0.2
4.4 3 0.2
4.4 3 0.3
6.6 3 0.2
4.4 3 0.3
6.6 3 0.3
8.8 3 0.2
6.6 3 0.2
6.6 3 0.3
8.8 3 0.2
6.6 3 0.3
8.8 3 0.3
11 3 0.2
8.8 3 0.2
8.8 3 0.3
11 3 0.2
8.8 3 0.3
11 3 0.3
-8.8 3 0.3
-11 3 0.3
-11 3 0.4
-8.8 3 0.3
-11 3 0.4
-8.8 3 0.4
-6.6 3 0.3
-8.8 3 0.3
-8.8 3 0.4
-6.6 3 0.3
-8.8 3 0.4
-6.6 3 0.4
-4.4 3 0.3
-6.6 3 0.3
-6.6 3 0.4
-4.4 3 0.3
-6.6 3 0.4
-4.4 3 0.4
-2.2 3 0.3
-4.4 3 0.3
-4.4 3 0.4
-2.2 3 0.3
-4.4 3 0.4
-2.2 3 0.4
0 3 0.3
-2.2 3 0.3
-2.2 3 0.4
0 3 0.3
-2.2 3 0.4
0 3 0.4
2.2 3 0.3
0 3 0.3
0 3 0.4
2.2 3 0.3
0 3 0.4
2.2 3 0.4
4.4 3 0.3
2.2 3 0.3
2.2 3 0.4
4.4 3 0.3
2.2 3 0.4
4.4 3 0.4
6.6 3 0.3
4.4 3 0.3
4.4 3 0.4
6.6 3 0.3
4.4 3 0.4
6.6 3 0.4
8.8 3 0.3
6.6 3 0.3
6.6 3 0.4
8.8 3 0.3
6.6 3 0.4
8.8 3 0.4
11 3 0.3
8.8 3 0.3
8.8 3 0.4
11 3 0.3
8.8 3 0.4
11 3 0.4
-8.8 3 0.4
-11 3 0.4
-11 3 0.5
-8.8 3 0.4
-11 3 0.5
-8.8 3 0.5
-6.6 3 0.4
-8.8 3 0.4
-8.8 3 0.5
-6.6 3 0.4
-8.8 3 0.5
-6.6 3 0.5
-4.4 3 0.4
-6.6 3 0.4
-6.6 3 0.5
-4.4 3 0.4
-6.6 3 0.5
-4.4 3 0.5
-2.2 3 0.4
-4.4 3 0.4
-4.4 3 0.5
-2.2 3 0.4
-4.4 3 0.5
-2.2 3 0.5
0 3 0.4
-2.2 3 0.4
-2.2 3 0.5
0 3 0.4
-2.2 3 0.5
0 3 0.5
2.2 3 0.4
0 3 0.4
0 3 0.5
2.2 3 0.4
0 3 0.5
2.2 3 0.5
4.4 3 0.4
2.2 3 0.4
2.2 3 0.5
4.4 3 0.4
2.2 3 0.5
4.4 3 0.5
6.6 3 0.4
4.4 3 0.4
4.4 3 0.5
6.6 3 0.4
4.4 3 0.5
6.6 3 0.5
8.8 3 0.4
6.6 3 0.4
6.6 3 0.5
8.8 3 0.4
6.6 3 0.5
8.8 3 0.5
11 3 0.4
8.8 3 0.4
8.8 3 0.5
11 3 0.4
8.8 3 0.5
11 3 0.5
