0 0 0
0.125581 0 1.99605
0 0 2
0 10 0
0 0 2
0.125581 0 1.99605
0 0 0
0.250666 0 1.98423
0.125581 0 1.99605
0 10 0
0.125581 0 1.99605
0.250666 0 1.98423
0 0 0
0.374763 0 1.96457
0.250666 0 1.98423
0 10 0
0.250666 0 1.98423
0.374763 0 1.96457
0 0 0
0.49738 0 1.93717
0.374763 0 1.96457
0 10 0
0.374763 0 1.96457
0.49738 0 1.93717
0 0 0
0.618034 0 1.90211
0.49738 0 1.93717
0 10 0
0.49738 0 1.93717
0.618034 0 1.90211
0 0 0
0.736249 0 1.85955
0.618034 0 1.90211
0 10 0
0.618034 0 1.90211
0.736249 0 1.85955
0 0 0
0.851559 0 1.80965
0.736249 0 1.85955
0 10 0
0.736249 0 1.85955
0.851559 0 1.80965
0 0 0
0.963507 0 1.75261
0.851559 0 1.80965
0 10 0
0.851559 0 1.80965
0.963507 0 1.75261
0 0 0
1.07165 0 1.68866
0.963507 0 1.75261
0 10 0
0.963507 0 1.75261
1.07165 0 1.68866
0 0 0
1.17557 0 1.61803
1.07165 0 1.68866
0 10 0
1.07165 0 1.68866
1.17557 0 1.61803
0 0 0
1.27485 0 1.54103
1.17557 0 1.61803
0 10 0
1.17557 0 1.61803
1.27485 0 1.54103
0 0 0
1.36909 0 1.45794
1.27485 0 1.54103
0 10 0
1.27485 0 1.54103
1.36909 0 1.45794
0 0 0
1.45794 0 1.36909
1.36909 0 1.45794
0 10 0
1.36909 0 1.45794
1.45794 0 1.36909
0 0 0
1.54103 0 1.27485
1.45794 0 1.36909
0 10 0
1.45794 0 1.36909
1.54103 0 1.27485
0 0 0
1.61803 0 1.17557
1.54103 0 1.27485
0 10 0
1.54103 0 1.27485
1.61803 0 1.17557
0 0 0
1.68866 0 1.07165
1.61803 0 1.17557
0 10 0
1.61803 0 1.17557
1.68866 0 1.07165
0 0 0
1.75261 0 0.963507
1.68866 0 1.07165
0 10 0
1.68866 0 1.07165
1.75261 0 0.963507
0 0 0
1.80965 0 0.851559
1.75261 0 0.963507
0 10 0
1.75261 0 0.963507
1.80965 0 0.851559
0 0 0
1.85955 0 0.736249
1.80965 0 0.851559
0 10 0
1.80965 0 0.851559
1.85955 0 0.736249
0 0 0
1.90211 0 0.618034
1.85955 0 0.736249
0 10 0
1.85955 0 0.736249
1.90211 0 0.618034
0 0 0
1.93717 0 0.49738
1.90211 0 0.618034
0 10 0
1.90211 0 0.618034
1.93717 0 0.49738
0 0 0
1.96457 0 0.374763
1.93717 0 0.49738
0 10 0
1.93717 0 0.49738
1.96457 0 0.374763
0 0 0
1.98423 0 0.250666
1.96457 0 0.374763
0 10 0
1.96457 0 0.374763
1.98423 0 0.250666
0 0 0
1.99605 0 0.125581
1.98423 0 0.250666
0 10 0
1.98423 0 0.250666
1.99605 0 0.125581
0 0 0
2 0 -1.20981e-15
1.99605 0 0.125581
0 10 0
1.99605 0 0.125581
2 0 -1.20981e-15
0 0 0
1.99605 0 -0.125581
2 0 -1.20981e-15
0 10 0
2 0 -1.20981e-15
1.99605 0 -0.125581
0 0 0
1.98423 0 -0.250666
1.99605 0 -0.125581
0 10 0
1.99605 0 -0.125581
1.98423 0 -0.250666
0 0 0
1.96457 0 -0.374763
1.98423 0 -0.250666
0 10 0
1.98423 0 -0.250666
1.96457 0 -0.374763
0 0 0
1.93717 0 -0.49738
1.96457 0 -0.374763
0 10 0
1.96457 0 -0.374763
1.93717 0 -0.49738
0 0 0
1.90211 0 -0.618034
1.93717 0 -0.49738
0 10 0
1.93717 0 -0.49738
1.90211 0 -0.618034
0 0 0
1.85955 0 -0.736249
1.90211 0 -0.618034
0 10 0
1.90211 0 -0.618034
1.85955 0 -0.736249
0 0 0
1.80965 0 -0.851559
1.85955 0 -0.736249
0 10 0
1.85955 0 -0.736249
1.80965 0 -0.851559
0 0 0
1.75261 0 -0.963507
1.80965 0 -0.851559
0 10 0
1.80965 0 -0.851559
1.75261 0 -0.963507
0 0 0
1.68866 0 -1.07165
1.75261 0 -0.963507
0 10 0
1.75261 0 -0.963507
1.68866 0 -1.07165
0 0 0
1.61803 0 -1.17557
1.68866 0 -1.07165
0 10 0
1.68866 0 -1.07165
1.61803 0 -1.17557
0 0 0
1.54103 0 -1.27485
1.61803 0 -1.17557
0 10 0
1.61803 0 -1.17557
1.54103 0 -1.27485
0 0 0
1.45794 0 -1.36909
1.54103 0 -1.27485
0 10 0
1.54103 0 -1.27485
1.45794 0 -1.36909
0 0 0
1.36909 0 -1.45794
1.45794 0 -1.36909
0 10 0
1.45794 0 -1.36909
1.36909 0 -1.45794
0 0 0
1.27485 0 -1.54103
1.36909 0 -1.45794
0 10 0
1.36909 0 -1.45794
1.27485 0 -1.54103
0 0 0
1.17557 0 -1.61803
1.27485 0 -1.54103
0 10 0
1.27485 0 -1.54103
1.17557 0 -1.61803
0 0 0
1.07165 0 -1.68866
1.17557 0 -1.61803
0 10 0
1.17557 0 -1.61803
1.07165 0 -1.68866
0 0 0
0.963507 0 -1.75261
1.07165 0 -1.68866
0 10 0
1.07165 0 -1.68866
0.963507 0 -1.75261
0 0 0
0.851559 0 -1.80965
0.963507 0 -1.75261
0 10 0
0.963507 0 -1.75261
0.851559 0 -1.80965
0 0 0
0.736249 0 -1.85955
0.851559 0 -1.80965
0 10 0
0.851559 0 -1.80965
0.736249 0 -1.85955
0 0 0
0.618034 0 -1.90211
0.736249 0 -1.85955
0 10 0
0.736249 0 -1.85955
0.618034 0 -1.90211
0 0 0
0.49738 0 -1.93717
0.618034 0 -1.90211
0 10 0
0.618034 0 -1.90211
0.49738 0 -1.93717
0 0 0
0.374763 0 -1.96457
0.49738 0 -1.93717
0 10 0
0.49738 0 -1.93717
0.374763 0 -1.96457
0 0 0
0.250666 0 -1.98423
0.374763 0 -1.96457
0 10 0
0.374763 0 -1.96457
0.250666 0 -1.98423
0 0 0
0.125581 0 -1.99605
0.250666 0 -1.98423
0 10 0
0.250666 0 -1.98423
0.125581 0 -1.99605
0 0 0
-5.08415e-15 0 -2
0.125581 0 -1.99605
0 10 0
0.125581 0 -1.99605
-5.08415e-15 0 -2
0 0 0
-0.125581 0 -1.99605
-5.08415e-15 0 -2
0 10 0
-5.08415e-15 0 -2
-0.125581 0 -1.99605
0 0 0
-0.250666 0 -1.98423
-0.125581 0 -1.99605
0 10 0
-0.125581 0 -1.99605
-0.250666 0 -1.98423
0 0 0
-0.374763 0 -1.96457
-0.250666 0 -1.98423
0 10 0
-0.250666 0 -1.98423
-0.374763 0 -1.96457
0 0 0
-0.49738 0 -1.93717
-0.374763 0 -1.96457
0 10 0
-0.374763 0 -1.96457
-0.49738 0 -1.93717
0 0 0
-0.618034 0 -1.90211
-0.49738 0 -1.93717
0 10 0
-0.49738 0 -1.93717
-0.618034 0 -1.90211
0 0 0
-0.736249 0 -1.85955
-0.618034 0 -1.90211
0 10 0
-0.618034 0 -1.90211
-0.736249 0 -1.85955
0 0 0
-0.851559 0 -1.80965
-0.736249 0 -1.85955
0 10 0
-0.736249 0 -1.85955
-0.851559 0 -1.80965
0 0 0
-0.963507 0 -1.75261
-0.851559 0 -1.80965
0 10 0
-0.851559 0 -1.80965
-0.963507 0 -1.75261
0 0 0
-1.07165 0 -1.68866
-0.963507 0 -1.75261
0 10 0
-0.963507 0 -1.75261
-1.07165 0 -1.68866
0 0 0
-1.17557 0 -1.61803
-1.07165 0 -1.68866
0 10 0
-1.07165 0 -1.68866
-1.17557 0 -1.61803
0 0 0
-1.27485 0 -1.54103
-1.17557 0 -1.61803
0 10 0
-1.17557 0 -1.61803
-1.27485 0 -1.54103
0 0 0
-1.36909 0 -1.45794
-1.27485 0 -1.54103
0 10 0
-1.27485 0 -1.54103
-1.36909 0 -1.45794
0 0 0
-1.45794 0 -1.36909
-1.36909 0 -1.45794
0 10 0
-1.36909 0 -1.45794
-1.45794 0 -1.36909
0 0 0
-1.54103 0 -1.27485
-1.45794 0 -1.36909
0 10 0
-1.45794 0 -1.36909
-1.54103 0 -1.27485
0 0 0
-1.61803 0 -1.17557
-1.54103 0 -1.27485
0 10 0
-1.54103 0 -1.27485
-1.61803 0 -1.17557
0 0 0
-1.68866 0 -1.07165
-1.61803 0 -1.17557
0 10 0
-1.61803 0 -1.17557
-1.68866 0 -1.07165
0 0 0
-1.75261 0 -0.963507
-1.68866 0 -1.07165
0 10 0
-1.68866 0 -1.07165
-1.75261 0 -0.963507
0 0 0
-1.80965 0 -0.851559
-1.75261 0 -0.963507
0 10 0
-1.75261 0 -0.963507
-1.80965 0 -0.851559
0 0 0
-1.85955 0 -0.736249
-1.80965 0 -0.851559
0 10 0
-1.80965 0 -0.851559
-1.85955 0 -0.736249
0 0 0
-1.90211 0 -0.618034
-1.85955 0 -0.736249
0 10 0
-1.85955 0 -0.736249
-1.90211 0 -0.618034
0 0 0
-1.93717 0 -0.49738
-1.90211 0 -0.618034
0 10 0
-1.90211 0 -0.618034
-1.93717 0 -0.49738
0 0 0
-1.96457 0 -0.374763
-1.93717 0 -0.49738
0 10 0
-1.93717 0 -0.49738
-1.96457 0 -0.374763
0 0 0
-1.98423 0 -0.250666
-1.96457 0 -0.374763
0 10 0
-1.96457 0 -0.374763
-1.98423 0 -0.250666
0 0 0
-1.99605 0 -0.125581
-1.98423 0 -0.250666
0 10 0
-1.98423 0 -0.250666
-1.99605 0 -0.125581
0 0 0
-2 0 -3.67382e-16
-1.99605 0 -0.125581
0 10 0
-1.99605 0 -0.125581
-2 0 -3.67382e-16
0 0 0
-1.99605 0 0.125581
-2 0 -3.67382e-16
0 10 0
-2 0 -3.67382e-16
-1.99605 0 0.125581
0 0 0
-1.98423 0 0.250666
-1.99605 0 0.125581
0 10 0
-1.99605 0 0.125581
-1.98423 0 0.250666
0 0 0
-1.96457 0 0.374763
-1.98423 0 0.250666
0 10 0
-1.98423 0 0.250666
-1.96457 0 0.374763
0 0 0
-1.93717 0 0.49738
-1.96457 0 0.374763
0 10 0
-1.96457 0 0.374763
-1.93717 0 0.49738
0 0 0
-1.90211 0 0.618034
-1.93717 0 0.49738
0 10 0
-1.93717 0 0.49738
-1.90211 0 0.618034
0 0 0
-1.85955 0 0.736249
-1.90211 0 0.618034
0 10 0
-1.90211 0 0.618034
-1.85955 0 0.736249
0 0 0
-1.80965 0 0.851559
-1.85955 0 0.736249
0 10 0
-1.85955 0 0.736249
-1.80965 0 0.851559
0 0 0
-1.75261 0 0.963507
-1.80965 0 0.851559
0 10 0
-1.80965 0 0.851559
-1.75261 0 0.963507
0 0 0
-1.68866 0 1.07165
-1.75261 0 0.963507
0 10 0
-1.75261 0 0.963507
-1.68866 0 1.07165
0 0 0
-1.61803 0 1.17557
-1.68866 0 1.07165
0 10 0
-1.68866 0 1.07165
-1.61803 0 1.17557
0 0 0
-1.54103 0 1.27485
-1.61803 0 1.17557
0 10 0
-1.61803 0 1.17557
-1.54103 0 1.27485
0 0 0
-1.45794 0 1.36909
-1.54103 0 1.27485
0 10 0
-1.54103 0 1.27485
-1.45794 0 1.36909
0 0 0
-1.36909 0 1.45794
-1.45794 0 1.36909
0 10 0
-1.45794 0 1.36909
-1.36909 0 1.45794
0 0 0
-1.27485 0 1.54103
-1.36909 0 1.45794
0 10 0
-1.36909 0 1.45794
-1.27485 0 1.54103
0 0 0
-1.17557 0 1.61803
-1.27485 0 1.54103
0 10 0
-1.27485 0 1.54103
-1.17557 0 1.61803
0 0 0
-1.07165 0 1.68866
-1.17557 0 1.61803
0 10 0
-1.17557 0 1.61803
-1.07165 0 1.68866
0 0 0
-0.963507 0 1.75261
-1.07165 0 1.68866
0 10 0
-1.07165 0 1.68866
-0.963507 0 1.75261
0 0 0
-0.851559 0 1.80965
-0.963507 0 1.75261
0 10 0
-0.963507 0 1.75261
-0.851559 0 1.80965
0 0 0
-0.736249 0 1.85955
-0.851559 0 1.80965
0 10 0
-0.851559 0 1.80965
-0.736249 0 1.85955
0 0 0
-0.618034 0 1.90211
-0.736249 0 1.85955
0 10 0
-0.736249 0 1.85955
-0.618034 0 1.90211
0 0 0
-0.49738 0 1.93717
-0.618034 0 1.90211
0 10 0
-0.618034 0 1.90211
-0.49738 0 1.93717
0 0 0
-0.374763 0 1.96457
-0.49738 0 1.93717
0 10 0
-0.49738 0 1.93717
-0.374763 0 1.96457
0 0 0
-0.250666 0 1.98423
-0.374763 0 1.96457
0 10 0
-0.374763 0 1.96457
-0.250666 0 1.98423
0 0 0
-0.125581 0 1.99605
-0.250666 0 1.98423
0 10 0
-0.250666 0 1.98423
-0.125581 0 1.99605
0 0 0
-1.82534e-14 0 2
-0.125581 0 1.99605
0 10 0
-0.125581 0 1.99605
-1.82534e-14 0 2
